OTU_id	10	100	102	105	106	109	11	112	113	117	120	124	125	126	129	13	132	133	134	139	14	140	143	146	15	150	16	172	178	179	18	187	19	190	195	2	20	201	21	22	23	24	25	26	266	268	28	29	298	310	321	33	35	36	37	38	39	4	48	50	51	52	54	55	56	6	61	65	66	67	68	7	71	73	74	75	78	8	80	82	83	87	9	90	92	94	95	97	99
10	1.000	-0.084	-0.111	0.193	0.009	-0.266	-0.303	0.084	-0.297	0.386	-0.139	0.258	0.232	-0.013	0.407	0.030	-0.105	0.365	-0.077	0.006	0.395	-0.035	-0.103	-0.132	-0.172	-0.020	-0.099	-0.291	-0.099	-0.040	0.255	-0.092	-0.288	-0.093	0.376	-0.241	0.382	-0.312	-0.255	-0.290	-0.124	-0.306	0.126	0.327	-0.053	-0.094	0.397	0.433	-0.085	-0.158	-0.146	0.374	0.287	-0.217	0.220	-0.095	-0.042	0.461	-0.254	0.419	0.589	0.033	0.031	-0.185	-0.127	0.353	0.428	-0.111	-0.090	-0.054	0.228	-0.313	0.321	-0.011	0.068	-0.279	-0.091	-0.249	-0.052	0.653	-0.112	-0.298	-0.191	0.138	-0.055	0.153	-0.017	0.097	-0.148
100	-0.084	1.000	0.039	-0.103	-0.050	-0.024	0.007	-0.061	0.044	-0.090	-0.039	0.030	-0.038	0.082	-0.034	0.018	0.117	-0.033	0.157	0.097	-0.079	-0.007	-0.088	0.166	0.084	0.040	0.024	0.017	-0.001	0.143	-0.079	0.125	0.089	0.066	-0.067	0.097	-0.039	0.030	0.016	0.015	0.041	-0.039	-0.105	-0.083	0.028	0.064	-0.101	-0.092	0.039	0.049	0.045	-0.053	0.045	0.007	-0.002	-0.084	0.018	-0.097	-0.033	-0.134	-0.090	-0.013	0.011	0.076	-0.106	-0.011	-0.044	-0.061	0.006	0.011	-0.105	0.046	-0.073	0.023	-0.107	0.022	0.011	0.023	0.033	-0.027	0.017	-0.020	-0.117	0.091	0.048	-0.011	0.055	-0.120	0.019
102	-0.111	0.039	1.000	-0.086	0.143	0.047	-0.075	-0.040	-0.093	-0.091	-0.135	-0.043	-0.054	0.089	-0.019	-0.038	0.018	-0.040	0.068	0.019	-0.083	0.036	0.215	0.053	0.107	0.012	-0.048	0.047	0.115	-0.041	-0.033	0.077	-0.049	0.122	-0.120	0.014	-0.050	-0.007	0.017	0.033	-0.004	-0.037	-0.190	-0.127	0.160	0.053	-0.124	0.008	0.135	0.152	0.023	-0.155	-0.118	-0.042	-0.097	0.142	0.165	-0.103	0.079	-0.149	-0.062	0.155	-0.023	-0.046	-0.229	0.001	-0.090	0.021	0.124	-0.104	0.012	-0.116	-0.204	0.176	0.115	-0.056	0.029	0.006	0.154	-0.082	0.018	-0.032	0.020	-0.036	0.069	0.106	0.049	-0.090	0.019
105	0.193	-0.103	-0.086	1.000	-0.138	-0.027	-0.121	0.207	-0.123	0.356	-0.007	0.112	0.123	-0.141	0.089	-0.133	-0.088	0.141	-0.092	-0.043	0.198	0.039	-0.068	-0.122	-0.122	-0.053	-0.099	-0.171	0.037	-0.063	-0.001	-0.071	-0.133	-0.120	0.185	-0.118	0.194	-0.160	-0.189	-0.097	-0.051	-0.180	0.066	0.202	-0.047	-0.137	0.177	0.201	-0.122	-0.045	-0.051	0.194	0.109	-0.036	0.274	-0.020	-0.041	0.093	-0.042	0.228	0.237	-0.095	0.020	-0.066	0.065	-0.007	0.266	-0.074	-0.032	0.034	0.095	-0.035	0.207	-0.055	0.020	0.002	-0.138	-0.070	-0.158	0.252	-0.034	-0.070	-0.022	0.019	-0.062	0.032	-0.031	0.202	-0.091
106	0.009	-0.050	0.143	-0.138	1.000	0.127	-0.216	0.066	-0.179	-0.053	-0.092	-0.066	0.079	0.199	-0.062	-0.218	-0.125	-0.079	0.182	0.051	-0.077	0.028	0.211	-0.034	-0.112	0.018	-0.177	-0.029	0.156	-0.136	-0.071	0.290	-0.155	0.155	-0.091	-0.252	-0.020	-0.022	-0.058	-0.119	-0.122	-0.073	-0.087	0.068	0.031	0.237	-0.013	0.214	0.006	0.024	0.061	-0.113	-0.088	-0.119	-0.075	0.179	0.283	-0.116	0.228	-0.186	0.047	0.197	-0.077	-0.083	-0.255	-0.055	-0.163	0.123	0.185	-0.178	0.061	-0.211	-0.151	0.302	0.208	-0.053	-0.070	-0.183	0.347	0.003	0.017	-0.112	0.117	-0.042	-0.064	0.206	0.100	-0.116	-0.031
109	-0.266	-0.024	0.047	-0.027	0.127	1.000	0.130	0.153	0.069	-0.190	0.054	-0.213	-0.135	0.036	-0.275	-0.155	-0.035	-0.175	0.027	-0.042	-0.135	0.023	0.037	0.011	-0.014	0.038	0.069	0.196	0.193	0.014	-0.222	0.097	0.095	0.035	-0.146	0.020	-0.218	0.155	0.041	0.073	-0.016	0.310	0.058	-0.023	0.023	0.119	-0.224	-0.164	0.071	0.154	0.112	-0.105	-0.258	0.077	-0.141	0.032	0.103	-0.255	0.215	-0.185	-0.244	0.005	0.011	0.030	0.132	-0.166	-0.206	0.072	0.051	0.081	0.052	0.212	-0.127	0.026	0.063	0.230	0.002	0.135	0.131	-0.284	-0.004	0.180	0.158	-0.137	0.030	-0.011	-0.069	-0.084	0.058
11	-0.303	0.007	-0.075	-0.121	-0.216	0.130	1.000	-0.037	0.447	-0.118	0.034	-0.120	-0.252	-0.155	-0.247	0.484	0.209	-0.179	-0.105	-0.067	-0.064	-0.008	0.022	0.080	0.173	0.014	0.418	0.067	-0.065	0.161	0.179	-0.129	0.494	-0.096	-0.268	0.708	-0.336	0.128	0.241	0.194	0.196	0.126	0.042	-0.179	-0.029	0.008	-0.049	-0.365	0.029	0.074	-0.036	0.027	-0.222	0.145	-0.245	-0.214	-0.028	-0.020	0.134	-0.144	-0.268	-0.059	-0.100	0.108	0.182	0.078	-0.144	-0.026	-0.032	0.348	-0.062	0.465	0.066	-0.246	-0.153	0.003	0.131	0.357	-0.153	-0.338	0.127	0.139	0.043	-0.113	0.108	-0.300	-0.051	-0.041	0.170
112	0.084	-0.061	-0.040	0.207	0.066	0.153	-0.037	1.000	-0.058	0.108	-0.010	-0.088	0.034	0.097	-0.118	-0.198	-0.173	0.015	0.028	0.024	0.033	-0.009	-0.079	-0.069	-0.183	-0.044	-0.003	-0.075	0.166	0.001	-0.024	0.136	-0.106	0.071	0.013	-0.153	-0.123	-0.058	-0.049	-0.152	-0.077	0.020	0.120	0.286	0.080	0.049	0.060	-0.010	-0.033	0.008	0.074	-0.102	-0.111	0.021	0.036	0.046	0.093	-0.071	0.199	-0.032	0.072	-0.001	-0.068	-0.089	0.035	-0.122	0.007	0.111	0.089	0.057	0.120	0.076	-0.022	0.043	0.114	-0.027	-0.145	-0.027	0.149	-0.034	-0.089	-0.007	0.185	-0.109	-0.085	-0.063	0.001	0.011	-0.082
113	-0.297	0.044	-0.093	-0.123	-0.179	0.069	0.447	-0.058	1.000	-0.214	0.176	-0.184	-0.228	-0.168	-0.266	0.405	0.168	-0.169	-0.091	-0.091	-0.064	-0.099	-0.090	0.061	0.113	0.037	0.467	0.136	-0.057	0.151	0.013	-0.115	0.408	-0.063	-0.134	0.410	-0.317	0.234	0.198	0.123	0.146	0.239	0.114	-0.167	-0.066	-0.042	-0.105	-0.314	-0.027	0.048	-0.031	0.082	-0.125	0.312	-0.210	-0.174	-0.230	0.070	-0.001	0.004	-0.326	-0.204	-0.077	0.198	0.224	0.054	-0.100	-0.032	-0.208	0.387	-0.047	0.525	0.067	-0.262	-0.172	0.097	0.057	0.454	-0.151	-0.298	-0.079	0.248	0.127	-0.120	0.069	-0.283	-0.116	0.040	0.223
117	0.386	-0.090	-0.091	0.356	-0.053	-0.190	-0.118	0.108	-0.214	1.000	-0.018	0.170	0.164	-0.117	0.180	-0.027	-0.051	0.304	-0.090	-0.080	0.366	0.011	-0.034	-0.110	-0.073	-0.065	-0.111	-0.226	-0.095	-0.092	0.282	-0.105	-0.171	-0.175	0.205	-0.152	0.313	-0.198	-0.208	-0.121	-0.009	-0.291	0.090	0.202	-0.074	-0.103	0.408	0.299	-0.133	-0.129	-0.137	0.270	0.109	-0.152	0.187	0.001	-0.078	0.317	-0.135	0.246	0.434	-0.044	-0.034	-0.105	-0.036	0.143	0.340	0.012	-0.033	-0.101	0.081	-0.193	0.264	-0.077	-0.018	-0.142	-0.117	-0.167	-0.174	0.363	-0.001	-0.176	-0.231	0.026	-0.134	0.074	0.013	0.099	-0.157
120	-0.139	-0.039	-0.135	-0.007	-0.092	0.054	0.034	-0.010	0.176	-0.018	1.000	-0.044	-0.082	-0.115	-0.114	0.038	-0.044	-0.079	-0.064	-0.064	0.061	-0.074	-0.072	-0.044	-0.022	-0.036	0.207	0.205	-0.015	-0.045	-0.006	-0.110	0.024	-0.051	0.106	-0.010	-0.079	0.220	0.120	-0.016	0.032	0.215	0.072	-0.057	-0.106	-0.068	-0.030	-0.151	-0.086	-0.078	-0.074	0.037	-0.004	0.160	0.029	0.012	-0.220	0.033	0.016	0.035	-0.203	-0.147	0.094	0.232	0.279	-0.082	-0.022	0.025	-0.119	0.252	-0.037	0.227	-0.001	-0.103	-0.068	0.198	0.025	0.231	-0.159	-0.083	-0.066	0.244	0.111	-0.076	0.006	-0.171	-0.082	0.054	0.037
124	0.258	0.030	-0.043	0.112	-0.066	-0.213	-0.120	-0.088	-0.184	0.170	-0.044	1.000	0.250	-0.114	0.270	-0.039	-0.002	0.169	-0.108	-0.064	0.197	0.078	-0.099	-0.045	-0.013	-0.053	-0.222	-0.148	-0.092	-0.033	0.037	-0.063	-0.102	-0.160	0.219	-0.108	0.396	-0.167	-0.087	-0.129	-0.035	-0.282	-0.011	0.092	-0.095	-0.094	0.164	0.321	-0.002	-0.061	-0.112	0.124	0.205	-0.110	0.210	-0.067	-0.040	0.160	-0.203	0.205	0.288	-0.072	0.132	-0.009	-0.142	0.089	0.220	-0.096	-0.007	-0.139	0.023	-0.231	0.180	-0.035	-0.030	-0.230	0.066	-0.207	-0.177	0.356	0.066	-0.138	-0.163	0.208	-0.031	0.220	0.033	0.063	-0.016
125	0.232	-0.038	-0.054	0.123	0.079	-0.135	-0.252	0.034	-0.228	0.164	-0.082	0.250	1.000	0.044	0.226	-0.284	-0.086	0.015	0.021	-0.007	-0.050	0.012	-0.020	-0.045	-0.117	-0.050	-0.265	-0.143	-0.053	-0.074	-0.040	0.130	-0.138	0.015	0.202	-0.190	0.169	-0.134	-0.103	-0.190	-0.141	-0.148	-0.090	0.160	0.016	0.002	0.064	0.265	-0.015	-0.030	-0.001	-0.076	0.190	-0.174	0.353	0.048	0.075	-0.067	0.037	0.019	0.220	0.023	0.095	-0.140	-0.204	-0.137	-0.005	0.036	0.117	-0.137	0.023	-0.189	-0.034	0.135	0.188	-0.016	-0.125	-0.256	0.033	0.244	-0.011	-0.114	-0.141	0.272	-0.105	0.295	0.059	0.096	-0.091
126	-0.013	0.082	0.089	-0.141	0.199	0.036	-0.155	0.097	-0.168	-0.117	-0.115	-0.114	0.044	1.000	0.012	-0.114	-0.051	-0.025	0.260	0.177	-0.081	0.080	0.111	0.101	0.009	0.005	-0.135	-0.082	0.029	-0.012	-0.040	0.297	-0.072	0.329	-0.160	-0.096	-0.111	-0.076	-0.089	-0.034	0.003	-0.107	-0.185	-0.022	0.230	0.232	-0.067	0.018	0.127	0.047	0.216	-0.111	-0.080	-0.100	-0.016	0.023	0.172	-0.124	0.039	-0.203	0.025	0.242	-0.139	-0.150	-0.246	-0.065	-0.060	0.018	0.190	-0.191	0.048	-0.156	-0.170	0.283	0.076	-0.157	-0.129	-0.173	0.389	-0.033	-0.037	-0.114	0.051	0.051	0.030	0.091	0.096	-0.159	-0.034
129	0.407	-0.034	-0.019	0.089	-0.062	-0.275	-0.247	-0.118	-0.266	0.180	-0.114	0.270	0.226	0.012	1.000	-0.012	0.008	0.270	-0.034	0.019	0.198	-0.009	-0.062	-0.012	0.022	0.008	-0.236	-0.218	-0.138	0.011	0.066	0.040	-0.240	-0.060	0.227	-0.118	0.346	-0.218	-0.194	-0.090	-0.064	-0.257	-0.041	0.164	-0.051	-0.045	0.191	0.260	-0.033	-0.109	-0.048	0.205	0.243	-0.243	0.245	-0.005	-0.057	0.222	-0.263	0.237	0.356	-0.012	0.149	-0.075	-0.185	0.243	0.256	-0.143	0.014	-0.241	-0.050	-0.287	0.175	-0.039	0.021	-0.217	-0.023	-0.286	-0.020	0.522	0.011	-0.222	-0.333	0.210	-0.059	0.222	0.041	0.092	-0.097
13	0.030	0.018	-0.038	-0.133	-0.218	-0.155	0.484	-0.198	0.405	-0.027	0.038	-0.039	-0.284	-0.114	-0.012	1.000	0.200	0.050	-0.119	-0.037	0.251	-0.042	-0.090	0.086	0.237	0.094	0.489	-0.012	-0.218	0.170	0.372	-0.236	0.206	-0.129	-0.143	0.522	-0.136	0.066	0.081	0.146	0.234	0.000	-0.015	-0.238	-0.083	-0.093	0.112	-0.274	-0.014	-0.004	-0.140	0.322	-0.015	0.063	-0.151	-0.280	-0.289	0.398	-0.242	0.138	-0.020	-0.091	-0.113	0.046	0.086	0.466	0.115	-0.225	-0.259	0.256	-0.083	0.247	0.234	-0.248	-0.243	-0.095	0.090	0.349	-0.266	-0.077	0.005	-0.011	-0.161	-0.056	0.063	-0.317	-0.073	-0.017	0.149
132	-0.105	0.117	0.018	-0.088	-0.125	-0.035	0.209	-0.173	0.168	-0.051	-0.044	-0.002	-0.086	-0.051	0.008	0.200	1.000	-0.040	0.009	-0.019	-0.139	0.054	0.004	0.120	0.173	0.091	0.075	0.006	-0.117	0.181	0.006	-0.020	0.272	-0.008	-0.148	0.354	-0.117	0.015	0.153	0.245	0.067	0.003	0.041	-0.131	0.024	0.003	-0.119	-0.111	0.043	0.051	0.030	-0.054	-0.089	0.022	-0.140	-0.120	-0.031	-0.101	-0.027	-0.162	-0.075	0.042	-0.040	0.051	-0.063	-0.054	-0.053	-0.039	0.006	0.004	-0.137	0.106	-0.134	-0.124	-0.082	-0.002	0.082	0.053	-0.091	-0.053	0.062	0.042	-0.171	0.033	0.179	-0.133	-0.002	-0.076	0.146
133	0.365	-0.033	-0.040	0.141	-0.079	-0.175	-0.179	0.015	-0.169	0.304	-0.079	0.169	0.015	-0.025	0.270	0.050	-0.040	1.000	-0.067	-0.026	0.436	0.021	-0.052	-0.079	-0.048	-0.007	-0.144	-0.194	-0.053	-0.068	0.187	-0.078	-0.209	-0.042	0.165	-0.094	0.355	-0.191	-0.190	-0.085	0.037	-0.232	0.056	0.129	-0.013	-0.113	0.296	0.265	-0.062	-0.128	-0.053	0.278	0.187	-0.176	0.101	-0.019	-0.068	0.327	-0.254	0.290	0.362	-0.068	0.035	-0.083	-0.007	0.247	0.612	-0.048	-0.036	-0.176	0.060	-0.249	0.283	-0.057	-0.046	-0.192	-0.082	-0.226	-0.117	0.373	-0.048	-0.177	-0.271	0.084	-0.062	0.139	0.048	0.153	-0.108
134	-0.077	0.157	0.068	-0.092	0.182	0.027	-0.105	0.028	-0.091	-0.090	-0.064	-0.108	0.021	0.260	-0.034	-0.119	0.009	-0.067	1.000	0.191	-0.113	0.004	0.174	0.139	0.058	0.060	-0.054	-0.000	0.041	0.008	-0.030	0.281	-0.011	0.242	-0.197	-0.012	-0.136	-0.056	-0.068	-0.047	0.057	-0.054	-0.164	-0.095	0.183	0.149	-0.125	-0.082	0.004	0.044	0.161	-0.127	-0.081	-0.066	-0.043	0.009	0.207	-0.140	0.128	-0.252	-0.072	0.261	-0.106	-0.100	-0.184	-0.049	-0.115	0.013	0.135	-0.114	-0.057	-0.113	-0.190	0.213	0.049	-0.078	-0.040	-0.073	0.283	-0.075	0.079	-0.120	0.033	-0.005	0.028	0.010	0.062	-0.174	-0.009
139	0.006	0.097	0.019	-0.043	0.051	-0.042	-0.067	0.024	-0.091	-0.080	-0.064	-0.064	-0.007	0.177	0.019	-0.037	-0.019	-0.026	0.191	1.000	-0.054	0.062	0.103	0.052	-0.012	0.036	-0.129	-0.084	0.044	0.042	-0.014	0.168	0.022	0.204	-0.077	0.002	-0.059	-0.063	-0.092	-0.026	-0.020	-0.055	-0.103	-0.062	0.077	0.143	-0.043	0.034	0.026	0.034	0.056	-0.056	0.057	-0.084	0.034	0.010	0.150	-0.082	0.041	-0.086	-0.009	0.162	-0.110	-0.061	-0.204	-0.028	-0.025	-0.070	0.144	-0.077	-0.006	-0.125	-0.062	0.142	0.116	-0.126	-0.092	-0.103	0.224	0.023	0.050	-0.084	-0.022	0.008	-0.019	0.071	0.030	-0.133	-0.034
14	0.395	-0.079	-0.083	0.198	-0.077	-0.135	-0.064	0.033	-0.064	0.366	0.061	0.197	-0.050	-0.081	0.198	0.251	-0.139	0.436	-0.113	-0.054	1.000	-0.039	-0.083	-0.104	-0.128	-0.054	0.145	-0.095	-0.068	-0.125	0.170	-0.174	-0.294	-0.120	0.282	-0.154	0.395	-0.037	-0.190	-0.151	0.024	-0.187	0.123	0.230	-0.132	-0.099	0.279	0.271	-0.169	-0.156	-0.189	0.634	0.133	-0.064	0.169	-0.045	-0.202	0.624	-0.234	0.596	0.371	-0.160	0.059	-0.071	0.251	0.483	0.606	-0.107	-0.153	0.061	0.225	-0.040	0.621	-0.149	-0.129	-0.105	-0.122	0.053	-0.229	0.432	-0.094	-0.126	-0.090	0.048	-0.162	0.069	-0.054	0.218	-0.176
140	-0.035	-0.007	0.036	0.039	0.028	0.023	-0.008	-0.009	-0.099	0.011	-0.074	0.078	0.012	0.080	-0.009	-0.042	0.054	0.021	0.004	0.062	-0.039	1.000	0.042	0.046	-0.006	0.010	-0.056	0.010	0.035	-0.000	-0.071	0.012	0.001	0.020	-0.100	-0.002	0.017	0.006	-0.012	0.039	-0.029	-0.014	-0.063	-0.079	0.112	-0.017	-0.089	-0.044	0.086	0.037	0.026	-0.036	-0.048	-0.107	-0.061	0.036	0.158	-0.062	0.119	-0.116	0.101	0.121	-0.055	-0.037	-0.146	-0.057	-0.051	-0.086	0.116	-0.028	-0.029	-0.081	-0.147	0.095	0.208	-0.078	-0.008	-0.046	0.040	-0.048	0.082	-0.024	0.028	-0.040	0.059	-0.035	-0.008	-0.069	0.062
143	-0.103	-0.088	0.215	-0.068	0.211	0.037	0.022	-0.079	-0.090	-0.034	-0.072	-0.099	-0.020	0.111	-0.062	-0.090	0.004	-0.052	0.174	0.103	-0.083	0.042	1.000	0.010	0.012	0.022	-0.088	0.019	0.068	-0.091	0.015	0.143	0.045	0.085	-0.181	0.011	-0.184	-0.044	0.038	0.042	0.016	0.005	-0.144	-0.113	0.110	0.107	-0.068	-0.039	0.124	0.052	0.052	-0.096	-0.138	-0.057	-0.200	0.036	0.378	-0.134	0.294	-0.226	-0.083	0.351	-0.139	-0.130	-0.186	-0.051	-0.088	0.084	0.192	-0.068	0.042	-0.138	-0.171	0.263	0.020	-0.102	-0.007	-0.023	0.223	-0.106	0.197	-0.119	0.131	-0.122	0.116	0.053	0.064	-0.178	-0.037
146	-0.132	0.166	0.053	-0.122	-0.034	0.011	0.080	-0.069	0.061	-0.110	-0.044	-0.045	-0.045	0.101	-0.012	0.086	0.120	-0.079	0.139	0.052	-0.104	0.046	0.010	1.000	0.102	0.041	0.065	0.034	-0.070	0.076	-0.039	0.138	0.052	0.127	-0.074	0.170	-0.145	0.081	0.026	0.086	0.081	0.004	-0.126	-0.069	0.098	0.052	-0.170	-0.165	0.065	0.096	0.136	-0.076	-0.055	0.062	-0.030	-0.106	0.040	-0.058	-0.081	-0.116	-0.122	-0.058	-0.021	0.043	-0.065	0.023	-0.113	-0.054	-0.021	-0.006	-0.158	0.020	-0.091	0.015	-0.078	-0.037	0.051	0.002	0.018	-0.095	0.087	0.016	-0.095	0.105	0.060	-0.152	0.065	-0.057	0.063
15	-0.172	0.084	0.107	-0.122	-0.112	-0.014	0.173	-0.183	0.113	-0.073	-0.022	-0.013	-0.117	0.009	0.022	0.237	0.173	-0.048	0.058	-0.012	-0.128	-0.006	0.012	0.102	1.000	0.040	0.139	-0.000	-0.129	0.052	0.204	-0.041	0.201	-0.001	-0.189	0.353	-0.074	-0.019	0.226	0.326	0.338	0.005	-0.212	-0.247	0.000	0.014	-0.111	-0.146	0.073	0.067	0.033	-0.070	-0.051	0.016	-0.058	-0.157	-0.027	-0.032	-0.148	-0.130	-0.084	0.062	-0.064	0.043	-0.122	0.106	-0.052	-0.135	-0.056	-0.024	-0.156	0.057	-0.133	-0.095	-0.055	0.022	0.267	0.007	-0.042	-0.093	0.133	0.040	-0.220	0.062	0.092	-0.142	0.046	-0.112	0.193
150	-0.020	0.040	0.012	-0.053	0.018	0.038	0.014	-0.044	0.037	-0.065	-0.036	-0.053	-0.050	0.005	0.008	0.094	0.091	-0.007	0.060	0.036	-0.054	0.010	0.022	0.041	0.040	1.000	0.010	0.025	-0.015	0.210	-0.063	0.029	0.071	0.002	-0.095	0.066	-0.043	0.052	-0.016	-0.009	0.018	-0.002	0.008	-0.095	0.010	-0.014	-0.134	-0.057	0.059	0.089	0.110	-0.069	-0.021	-0.004	-0.064	-0.067	0.013	0.011	-0.004	-0.089	-0.056	0.052	-0.001	0.068	-0.074	-0.002	-0.041	-0.065	0.014	-0.049	-0.118	-0.033	-0.058	0.029	-0.027	0.017	0.062	-0.030	0.050	-0.045	0.092	-0.027	-0.064	0.029	-0.002	-0.010	-0.031	-0.040	0.100
16	-0.099	0.024	-0.048	-0.099	-0.177	0.069	0.418	-0.003	0.467	-0.111	0.207	-0.222	-0.265	-0.135	-0.236	0.489	0.075	-0.144	-0.054	-0.129	0.145	-0.056	-0.088	0.065	0.139	0.010	1.000	0.149	-0.011	0.078	0.182	-0.195	0.323	-0.115	-0.063	0.421	-0.330	0.240	0.197	0.219	0.191	0.308	0.161	-0.027	-0.091	-0.046	-0.066	-0.410	0.002	0.004	-0.060	0.292	-0.076	0.257	-0.147	-0.194	-0.283	0.249	-0.122	0.129	-0.304	-0.187	-0.080	0.122	0.422	0.157	-0.055	-0.072	-0.326	0.632	-0.021	0.664	0.189	-0.232	-0.190	0.190	0.100	0.645	-0.192	-0.262	-0.037	0.174	0.197	-0.144	0.108	-0.363	-0.064	-0.012	0.159
172	-0.291	0.017	0.047	-0.171	-0.029	0.196	0.067	-0.075	0.136	-0.226	0.205	-0.148	-0.143	-0.082	-0.218	-0.012	0.006	-0.194	-0.000	-0.084	-0.095	0.010	0.019	0.034	-0.000	0.025	0.149	1.000	0.125	0.022	-0.192	-0.034	0.089	-0.015	-0.111	0.031	-0.223	0.445	0.148	0.098	-0.067	0.335	0.024	-0.130	-0.081	0.048	-0.258	-0.259	0.085	0.042	0.089	-0.069	-0.166	0.193	-0.220	0.128	-0.093	-0.091	0.160	-0.105	-0.304	-0.062	0.095	0.205	0.215	-0.120	-0.268	0.126	-0.046	0.180	-0.038	0.241	-0.128	-0.049	-0.035	0.314	0.111	0.184	-0.050	-0.306	0.042	0.332	0.210	-0.132	0.059	-0.131	-0.087	-0.023	0.084
178	-0.099	-0.001	0.115	0.037	0.156	0.193	-0.065	0.166	-0.057	-0.095	-0.015	-0.092	-0.053	0.029	-0.138	-0.218	-0.117	-0.053	0.041	0.044	-0.068	0.035	0.068	-0.070	-0.129	-0.015	-0.011	0.125	1.000	-0.104	-0.190	0.068	-0.055	-0.000	-0.097	-0.158	-0.160	0.051	-0.020	-0.105	-0.084	0.086	0.084	0.034	0.008	0.136	-0.101	0.020	0.019	0.023	0.070	-0.141	-0.096	-0.000	-0.059	0.153	0.156	-0.184	0.252	-0.113	-0.071	0.081	0.015	-0.012	-0.002	-0.207	-0.076	0.131	0.095	0.011	0.082	0.080	-0.136	0.117	0.137	0.119	-0.111	-0.021	0.218	-0.168	-0.061	0.052	0.225	-0.115	-0.040	0.059	0.073	-0.054	-0.075
179	-0.040	0.143	-0.041	-0.063	-0.136	0.014	0.161	0.001	0.151	-0.092	-0.045	-0.033	-0.074	-0.012	0.011	0.170	0.181	-0.068	0.008	0.042	-0.125	-0.000	-0.091	0.076	0.052	0.210	0.078	0.022	-0.104	1.000	-0.067	0.046	0.145	0.005	-0.059	0.154	-0.155	0.056	0.014	0.035	0.010	-0.015	0.166	-0.043	0.010	0.065	-0.103	-0.154	0.051	0.120	0.008	-0.055	0.012	0.055	-0.054	-0.138	-0.102	-0.002	-0.044	-0.122	-0.105	-0.023	-0.010	0.099	-0.031	-0.027	-0.088	-0.061	-0.070	0.086	-0.090	0.136	-0.063	-0.117	-0.056	0.002	0.069	0.112	-0.036	-0.046	-0.010	0.008	-0.079	0.016	0.042	-0.076	-0.018	-0.013	0.076
18	0.255	-0.079	-0.033	-0.001	-0.071	-0.222	0.179	-0.024	0.013	0.282	-0.006	0.037	-0.040	-0.040	0.066	0.372	0.006	0.187	-0.030	-0.014	0.170	-0.071	0.015	-0.039	0.204	-0.063	0.182	-0.192	-0.190	-0.067	1.000	-0.158	0.111	-0.098	-0.078	0.218	0.084	-0.194	0.086	0.096	0.237	-0.180	-0.122	-0.096	-0.024	-0.070	0.554	0.023	-0.004	-0.089	-0.142	0.133	0.038	-0.024	-0.020	-0.134	-0.010	0.254	-0.148	0.085	0.223	0.030	-0.181	-0.071	-0.147	0.319	0.174	0.110	-0.084	-0.042	0.032	-0.131	0.185	-0.038	-0.042	-0.185	0.024	-0.029	-0.138	0.113	0.062	-0.143	-0.223	-0.080	0.063	-0.089	0.072	-0.098	-0.011
187	-0.092	0.125	0.077	-0.071	0.290	0.097	-0.129	0.136	-0.115	-0.105	-0.110	-0.063	0.130	0.297	0.040	-0.236	-0.020	-0.078	0.281	0.168	-0.174	0.012	0.143	0.138	-0.041	0.029	-0.195	-0.034	0.068	0.046	-0.158	1.000	-0.066	0.235	-0.111	-0.020	-0.080	-0.068	-0.118	-0.013	0.009	-0.119	-0.119	0.064	0.159	0.221	-0.179	0.039	-0.024	0.105	0.232	-0.211	-0.065	-0.094	0.007	0.043	0.216	-0.204	0.080	-0.255	-0.022	0.155	-0.056	-0.090	-0.278	-0.126	-0.149	0.036	0.198	-0.137	-0.064	-0.190	-0.184	0.202	0.118	-0.148	-0.070	-0.184	0.287	-0.022	0.038	-0.137	0.010	0.067	-0.021	0.123	0.125	-0.114	-0.000
19	-0.288	0.089	-0.049	-0.133	-0.155	0.095	0.494	-0.106	0.408	-0.171	0.024	-0.102	-0.138	-0.072	-0.240	0.206	0.272	-0.209	-0.011	0.022	-0.294	0.001	0.045	0.052	0.201	0.071	0.323	0.089	-0.055	0.145	0.111	-0.066	1.000	0.025	-0.222	0.568	-0.296	0.103	0.252	0.301	0.171	0.204	0.060	-0.239	-0.048	0.067	-0.080	-0.358	0.029	0.090	0.039	-0.132	-0.099	0.168	-0.259	-0.201	-0.019	-0.175	0.034	-0.224	-0.280	-0.033	-0.134	0.114	0.010	-0.173	-0.224	0.088	0.032	0.229	-0.229	0.396	-0.140	-0.140	-0.149	0.055	0.138	0.277	-0.063	-0.344	0.139	0.192	0.054	-0.089	0.159	-0.205	-0.042	-0.089	0.219
190	-0.093	0.066	0.122	-0.120	0.155	0.035	-0.096	0.071	-0.063	-0.175	-0.051	-0.160	0.015	0.329	-0.060	-0.129	-0.008	-0.042	0.242	0.204	-0.120	0.020	0.085	0.127	-0.001	0.002	-0.115	-0.015	-0.000	0.005	-0.098	0.235	0.025	1.000	-0.128	0.016	-0.164	-0.038	-0.013	0.008	-0.002	-0.064	-0.128	-0.059	0.245	0.187	-0.151	-0.080	0.030	0.127	0.174	-0.204	-0.064	-0.018	-0.064	0.020	0.167	-0.197	0.081	-0.204	-0.054	0.183	-0.143	-0.088	-0.192	-0.097	-0.106	0.039	0.166	-0.104	-0.067	-0.072	-0.175	0.217	0.108	-0.108	-0.017	-0.058	0.286	-0.110	0.058	-0.070	-0.003	0.064	0.061	0.036	0.044	-0.159	-0.034
195	0.376	-0.067	-0.120	0.185	-0.091	-0.146	-0.268	0.013	-0.134	0.205	0.106	0.219	0.202	-0.160	0.227	-0.143	-0.148	0.165	-0.197	-0.077	0.282	-0.100	-0.181	-0.074	-0.189	-0.095	-0.063	-0.111	-0.097	-0.059	-0.078	-0.111	-0.222	-0.128	1.000	-0.287	0.347	-0.025	-0.209	-0.243	-0.133	-0.056	0.234	0.366	-0.152	-0.107	0.117	0.240	-0.163	-0.096	-0.172	0.310	0.307	-0.056	0.363	0.022	-0.261	0.227	-0.246	0.405	0.258	-0.234	0.211	0.067	0.123	0.066	0.243	-0.117	-0.154	0.088	0.011	-0.026	0.314	-0.203	-0.014	0.045	-0.109	-0.038	-0.187	0.470	-0.155	-0.047	-0.122	0.133	-0.177	0.074	-0.069	0.282	-0.140
2	-0.241	0.097	0.014	-0.118	-0.252	0.020	0.708	-0.153	0.410	-0.152	-0.010	-0.108	-0.190	-0.096	-0.118	0.522	0.354	-0.094	-0.012	0.002	-0.154	-0.002	0.011	0.170	0.353	0.066	0.421	0.031	-0.158	0.154	0.218	-0.020	0.568	0.016	-0.287	1.000	-0.308	0.069	0.265	0.345	0.376	0.078	-0.087	-0.243	0.061	-0.021	-0.164	-0.437	0.084	0.131	0.032	-0.048	-0.165	0.096	-0.179	-0.260	-0.042	-0.026	-0.058	-0.169	-0.211	-0.018	-0.108	0.066	-0.014	0.118	-0.101	-0.101	-0.052	0.236	-0.223	0.362	-0.047	-0.173	-0.170	-0.026	0.188	0.252	-0.132	-0.271	0.142	0.090	-0.165	-0.033	0.204	-0.276	-0.051	-0.073	0.239
20	0.382	-0.039	-0.050	0.194	-0.020	-0.218	-0.336	-0.123	-0.317	0.313	-0.079	0.396	0.169	-0.111	0.346	-0.136	-0.117	0.355	-0.136	-0.059	0.395	0.017	-0.184	-0.145	-0.074	-0.043	-0.330	-0.223	-0.160	-0.155	0.084	-0.080	-0.296	-0.164	0.347	-0.308	1.000	-0.204	-0.237	-0.081	-0.064	-0.292	-0.036	0.149	-0.193	-0.145	0.301	0.499	-0.142	-0.203	-0.171	0.314	0.401	-0.177	0.412	0.119	-0.132	0.257	-0.296	0.494	0.446	-0.103	0.203	-0.033	0.023	0.276	0.467	-0.078	-0.074	-0.297	0.099	-0.338	0.356	-0.077	0.021	-0.085	0.040	-0.277	-0.171	0.538	-0.037	-0.130	-0.291	0.176	-0.169	0.268	-0.014	0.221	-0.121
201	-0.312	0.030	-0.007	-0.160	-0.022	0.155	0.128	-0.058	0.234	-0.198	0.220	-0.167	-0.134	-0.076	-0.218	0.066	0.015	-0.191	-0.056	-0.063	-0.037	0.006	-0.044	0.081	-0.019	0.052	0.240	0.445	0.051	0.056	-0.194	-0.068	0.103	-0.038	-0.025	0.069	-0.204	1.000	0.112	0.072	-0.075	0.390	0.079	-0.050	-0.064	0.000	-0.256	-0.309	-0.005	0.075	0.022	-0.005	-0.133	0.190	-0.125	0.101	-0.226	-0.002	0.122	-0.044	-0.352	-0.145	0.135	0.265	0.264	-0.131	-0.236	0.019	-0.129	0.235	-0.098	0.328	-0.024	-0.092	-0.071	0.344	0.088	0.245	-0.077	-0.313	-0.003	0.335	0.186	-0.118	0.015	-0.202	-0.101	0.087	0.091
21	-0.255	0.016	0.017	-0.189	-0.058	0.041	0.241	-0.049	0.198	-0.208	0.120	-0.087	-0.103	-0.089	-0.194	0.081	0.153	-0.190	-0.068	-0.092	-0.190	-0.012	0.038	0.026	0.226	-0.016	0.197	0.148	-0.020	0.014	0.086	-0.118	0.252	-0.013	-0.209	0.265	-0.237	0.112	1.000	0.296	0.193	0.224	-0.074	-0.181	-0.006	-0.044	-0.104	-0.242	0.039	0.003	-0.035	-0.198	-0.183	0.119	-0.204	0.026	0.090	-0.183	0.163	-0.187	-0.212	0.047	-0.053	0.138	0.098	-0.166	-0.249	0.144	-0.008	0.112	-0.185	0.235	-0.157	-0.052	-0.093	0.099	0.201	0.246	-0.013	-0.291	0.050	0.175	0.060	-0.140	0.197	-0.156	-0.040	-0.037	0.215
22	-0.290	0.015	0.033	-0.097	-0.119	0.073	0.194	-0.152	0.123	-0.121	-0.016	-0.129	-0.190	-0.034	-0.090	0.146	0.245	-0.085	-0.047	-0.026	-0.151	0.039	0.042	0.086	0.326	-0.009	0.219	0.098	-0.105	0.035	0.096	-0.013	0.301	0.008	-0.243	0.345	-0.081	0.072	0.296	1.000	0.205	0.113	-0.135	-0.250	0.019	-0.057	-0.140	-0.297	0.067	0.078	0.015	-0.052	-0.059	0.018	-0.099	-0.031	0.023	-0.143	-0.029	-0.112	-0.131	0.072	-0.111	0.028	0.015	-0.003	-0.080	-0.050	0.001	0.058	-0.160	0.164	-0.145	-0.072	-0.114	0.001	0.197	0.168	-0.031	-0.235	0.138	0.074	-0.041	-0.057	0.201	-0.187	-0.042	-0.114	0.111
23	-0.124	0.041	-0.004	-0.051	-0.122	-0.016	0.196	-0.077	0.146	-0.009	0.032	-0.035	-0.141	0.003	-0.064	0.234	0.067	0.037	0.057	-0.020	0.024	-0.029	0.016	0.081	0.338	0.018	0.191	-0.067	-0.084	0.010	0.237	0.009	0.171	-0.002	-0.133	0.376	-0.064	-0.075	0.193	0.205	1.000	-0.079	-0.124	-0.156	-0.004	0.009	-0.041	-0.148	-0.038	-0.000	0.021	-0.011	-0.094	-0.054	-0.058	-0.169	-0.002	0.049	-0.130	-0.093	-0.025	0.085	-0.084	0.002	-0.069	0.101	-0.002	-0.107	-0.008	0.012	-0.102	0.105	-0.027	-0.101	-0.077	-0.025	0.163	0.045	-0.043	-0.077	0.095	0.012	-0.156	-0.054	0.090	-0.109	0.030	-0.067	0.186
24	-0.306	-0.039	-0.037	-0.180	-0.073	0.310	0.126	0.020	0.239	-0.291	0.215	-0.282	-0.148	-0.107	-0.257	0.000	0.003	-0.232	-0.054	-0.055	-0.187	-0.014	0.005	0.004	0.005	-0.002	0.308	0.335	0.086	-0.015	-0.180	-0.119	0.204	-0.064	-0.056	0.078	-0.292	0.390	0.224	0.113	-0.079	1.000	0.097	-0.092	-0.021	-0.004	-0.239	-0.333	0.056	0.064	0.025	-0.070	-0.196	0.335	-0.170	0.093	-0.085	-0.140	0.157	-0.086	-0.370	-0.074	0.103	0.176	0.350	-0.222	-0.269	0.085	-0.093	0.259	-0.058	0.440	-0.149	-0.078	-0.042	0.372	0.074	0.393	-0.016	-0.361	-0.036	0.299	0.232	-0.156	0.059	-0.199	-0.085	-0.022	0.134
25	0.126	-0.105	-0.190	0.066	-0.087	0.058	0.042	0.120	0.114	0.090	0.072	-0.011	-0.090	-0.185	-0.041	-0.015	0.041	0.056	-0.164	-0.103	0.123	-0.063	-0.144	-0.126	-0.212	0.008	0.161	0.024	0.084	0.166	-0.122	-0.119	0.060	-0.128	0.234	-0.087	-0.036	0.079	-0.074	-0.135	-0.124	0.097	1.000	0.405	-0.119	-0.025	0.022	0.018	-0.136	-0.061	-0.043	0.146	-0.060	0.071	-0.076	-0.031	-0.161	0.111	-0.078	0.169	-0.015	-0.177	0.033	0.099	0.256	-0.208	0.082	0.025	-0.072	0.289	0.034	0.293	0.170	-0.221	-0.000	0.174	-0.144	0.181	-0.062	0.067	-0.194	0.051	0.148	-0.026	-0.088	-0.022	-0.129	0.149	-0.044
26	0.327	-0.083	-0.127	0.202	0.068	-0.023	-0.179	0.286	-0.167	0.202	-0.057	0.092	0.160	-0.022	0.164	-0.238	-0.131	0.129	-0.095	-0.062	0.230	-0.079	-0.113	-0.069	-0.247	-0.095	-0.027	-0.130	0.034	-0.043	-0.096	0.064	-0.239	-0.059	0.366	-0.243	0.149	-0.050	-0.181	-0.250	-0.156	-0.092	0.405	1.000	-0.097	0.027	0.125	0.183	-0.146	-0.094	-0.040	0.214	0.098	-0.068	0.245	0.010	-0.074	0.135	-0.053	0.283	0.113	-0.305	0.097	-0.025	0.039	-0.029	0.178	0.023	-0.049	0.084	0.090	0.000	0.273	-0.129	0.038	-0.016	-0.159	-0.066	0.038	0.318	-0.233	-0.121	0.012	0.069	-0.179	0.103	-0.078	0.172	-0.198
266	-0.053	0.028	0.160	-0.047	0.031	0.023	-0.029	0.080	-0.066	-0.074	-0.106	-0.095	0.016	0.230	-0.051	-0.083	0.024	-0.013	0.183	0.077	-0.132	0.112	0.110	0.098	0.000	0.010	-0.091	-0.081	0.008	0.010	-0.024	0.159	-0.048	0.245	-0.152	0.061	-0.193	-0.064	-0.006	0.019	-0.004	-0.021	-0.119	-0.097	1.000	0.039	-0.106	-0.101	0.109	0.105	0.137	-0.152	-0.083	-0.023	-0.106	0.068	0.239	-0.172	0.108	-0.209	0.004	0.259	-0.087	-0.127	-0.152	-0.067	-0.088	0.004	0.190	-0.068	-0.071	-0.074	-0.212	0.188	0.054	-0.143	-0.028	-0.037	0.216	-0.081	0.059	-0.048	0.012	-0.017	0.030	-0.002	0.049	-0.130	-0.023
268	-0.094	0.064	0.053	-0.137	0.237	0.119	0.008	0.049	-0.042	-0.103	-0.068	-0.094	0.002	0.232	-0.045	-0.093	0.003	-0.113	0.149	0.143	-0.099	-0.017	0.107	0.052	0.014	-0.014	-0.046	0.048	0.136	0.065	-0.070	0.221	0.067	0.187	-0.107	-0.021	-0.145	0.000	-0.044	-0.057	0.009	-0.004	-0.025	0.027	0.039	1.000	-0.099	-0.010	0.025	0.102	0.150	-0.075	-0.101	-0.089	-0.085	-0.047	0.137	-0.092	0.118	-0.197	-0.155	0.039	-0.113	-0.085	-0.172	-0.073	-0.207	0.046	0.158	-0.084	-0.046	-0.001	-0.096	0.061	0.027	-0.052	-0.100	-0.096	0.329	-0.103	-0.014	-0.052	-0.017	0.036	-0.017	0.107	0.071	-0.120	-0.022
28	0.397	-0.101	-0.124	0.177	-0.013	-0.224	-0.049	0.060	-0.105	0.408	-0.030	0.164	0.064	-0.067	0.191	0.112	-0.119	0.296	-0.125	-0.043	0.279	-0.089	-0.068	-0.170	-0.111	-0.134	-0.066	-0.258	-0.101	-0.103	0.554	-0.179	-0.080	-0.151	0.117	-0.164	0.301	-0.256	-0.104	-0.140	-0.041	-0.239	0.022	0.125	-0.106	-0.099	1.000	0.419	-0.086	-0.207	-0.164	0.284	0.136	-0.062	0.122	-0.035	-0.079	0.351	-0.095	0.282	0.381	-0.117	-0.102	-0.049	-0.043	0.313	0.325	0.191	-0.038	-0.092	0.152	-0.183	0.326	-0.040	-0.049	-0.175	-0.088	-0.094	-0.140	0.364	-0.112	-0.150	-0.147	-0.055	-0.085	0.127	0.097	0.038	-0.152
29	0.433	-0.092	0.008	0.201	0.214	-0.164	-0.365	-0.010	-0.314	0.299	-0.151	0.321	0.265	0.018	0.260	-0.274	-0.111	0.265	-0.082	0.034	0.271	-0.044	-0.039	-0.165	-0.146	-0.057	-0.410	-0.259	0.020	-0.154	0.023	0.039	-0.358	-0.080	0.240	-0.437	0.499	-0.309	-0.242	-0.297	-0.148	-0.333	0.018	0.183	-0.101	-0.010	0.419	1.000	-0.087	-0.165	-0.071	0.202	0.198	-0.172	0.266	0.123	-0.002	0.200	-0.122	0.265	0.424	-0.003	0.081	-0.080	-0.165	0.130	0.313	0.030	0.095	-0.328	0.251	-0.369	0.171	0.088	0.139	-0.109	-0.129	-0.356	0.032	0.551	-0.093	-0.130	-0.148	0.101	-0.166	0.462	0.114	0.103	-0.176
298	-0.085	0.039	0.135	-0.122	0.006	0.071	0.029	-0.033	-0.027	-0.133	-0.086	-0.002	-0.015	0.127	-0.033	-0.014	0.043	-0.062	0.004	0.026	-0.169	0.086	0.124	0.065	0.073	0.059	0.002	0.085	0.019	0.051	-0.004	-0.024	0.029	0.030	-0.163	0.084	-0.142	-0.005	0.039	0.067	-0.038	0.056	-0.136	-0.146	0.109	0.025	-0.086	-0.087	1.000	0.149	0.084	-0.150	-0.075	0.024	-0.116	0.021	0.133	-0.129	0.080	-0.201	-0.044	0.181	-0.035	-0.069	-0.090	-0.021	-0.086	0.060	0.082	-0.024	0.003	0.016	-0.203	0.101	0.019	-0.032	0.017	-0.023	0.098	-0.130	0.090	-0.020	0.028	0.023	0.126	0.011	0.026	-0.139	0.046
310	-0.158	0.049	0.152	-0.045	0.024	0.154	0.074	0.008	0.048	-0.129	-0.078	-0.061	-0.030	0.047	-0.109	-0.004	0.051	-0.128	0.044	0.034	-0.156	0.037	0.052	0.096	0.067	0.089	0.004	0.042	0.023	0.120	-0.089	0.105	0.090	0.127	-0.096	0.131	-0.203	0.075	0.003	0.078	-0.000	0.064	-0.061	-0.094	0.105	0.102	-0.207	-0.165	0.149	1.000	0.078	-0.174	-0.117	-0.002	-0.060	-0.023	0.112	-0.147	0.075	-0.194	-0.131	0.082	-0.003	-0.013	-0.085	-0.112	-0.160	-0.052	0.030	0.010	-0.080	0.079	-0.161	0.001	0.041	-0.006	-0.017	0.064	0.082	-0.173	0.013	-0.014	-0.028	0.108	0.086	-0.044	-0.029	-0.072	0.033
321	-0.146	0.045	0.023	-0.051	0.061	0.112	-0.036	0.074	-0.031	-0.137	-0.074	-0.112	-0.001	0.216	-0.048	-0.140	0.030	-0.053	0.161	0.056	-0.189	0.026	0.052	0.136	0.033	0.110	-0.060	0.089	0.070	0.008	-0.142	0.232	0.039	0.174	-0.172	0.032	-0.171	0.022	-0.035	0.015	0.021	0.025	-0.043	-0.040	0.137	0.150	-0.164	-0.071	0.084	0.078	1.000	-0.213	-0.106	0.005	-0.073	-0.056	0.142	-0.143	0.096	-0.220	-0.130	0.011	-0.085	-0.041	-0.085	-0.113	-0.132	0.063	0.150	-0.057	-0.047	-0.021	-0.178	0.159	0.026	-0.018	-0.064	-0.078	0.273	-0.164	-0.009	0.019	0.060	0.041	0.084	0.046	0.066	-0.093	0.015
33	0.374	-0.053	-0.155	0.194	-0.113	-0.105	0.027	-0.102	0.082	0.270	0.037	0.124	-0.076	-0.111	0.205	0.322	-0.054	0.278	-0.127	-0.056	0.634	-0.036	-0.096	-0.076	-0.070	-0.069	0.292	-0.069	-0.141	-0.055	0.133	-0.211	-0.132	-0.204	0.310	-0.048	0.314	-0.005	-0.198	-0.052	-0.011	-0.070	0.146	0.214	-0.152	-0.075	0.284	0.202	-0.150	-0.174	-0.213	1.000	0.165	0.002	0.180	-0.128	-0.316	0.599	-0.332	0.624	0.235	-0.270	0.083	-0.012	0.262	0.599	0.431	-0.194	-0.277	0.187	0.192	0.085	0.595	-0.268	-0.208	-0.086	-0.007	0.163	-0.290	0.391	-0.165	-0.112	-0.070	0.025	-0.117	-0.042	-0.067	0.177	-0.056
35	0.287	0.045	-0.118	0.109	-0.088	-0.258	-0.222	-0.111	-0.125	0.109	-0.004	0.205	0.190	-0.080	0.243	-0.015	-0.089	0.187	-0.081	0.057	0.133	-0.048	-0.138	-0.055	-0.051	-0.021	-0.076	-0.166	-0.096	0.012	0.038	-0.065	-0.099	-0.064	0.307	-0.165	0.401	-0.133	-0.183	-0.059	-0.094	-0.196	-0.060	0.098	-0.083	-0.101	0.136	0.198	-0.075	-0.117	-0.106	0.165	1.000	-0.109	0.409	-0.058	-0.077	0.120	-0.277	0.332	0.205	-0.104	0.103	-0.034	-0.051	0.201	0.276	-0.145	-0.073	-0.049	-0.055	-0.166	0.199	-0.036	0.008	-0.086	-0.059	-0.070	-0.130	0.365	-0.001	-0.186	-0.228	0.260	-0.100	0.182	0.076	0.119	-0.082
36	-0.217	0.007	-0.042	-0.036	-0.119	0.077	0.145	0.021	0.312	-0.152	0.160	-0.110	-0.174	-0.100	-0.243	0.063	0.022	-0.176	-0.066	-0.084	-0.064	-0.107	-0.057	0.062	0.016	-0.004	0.257	0.193	-0.000	0.055	-0.024	-0.094	0.168	-0.018	-0.056	0.096	-0.177	0.190	0.119	0.018	-0.054	0.335	0.071	-0.068	-0.023	-0.089	-0.062	-0.172	0.024	-0.002	0.005	0.002	-0.109	1.000	-0.188	0.002	-0.136	-0.021	0.058	0.024	-0.271	-0.160	0.034	0.295	0.258	-0.089	-0.094	0.180	-0.206	0.270	-0.009	0.332	0.034	-0.114	-0.092	0.162	0.023	0.348	-0.110	-0.213	-0.079	0.308	0.165	-0.095	0.004	-0.265	-0.145	0.032	0.093
37	0.220	-0.002	-0.097	0.274	-0.075	-0.141	-0.245	0.036	-0.210	0.187	0.029	0.210	0.353	-0.016	0.245	-0.151	-0.140	0.101	-0.043	0.034	0.169	-0.061	-0.200	-0.030	-0.058	-0.064	-0.147	-0.220	-0.059	-0.054	-0.020	0.007	-0.259	-0.064	0.363	-0.179	0.412	-0.125	-0.204	-0.099	-0.058	-0.170	-0.076	0.245	-0.106	-0.085	0.122	0.266	-0.116	-0.060	-0.073	0.180	0.409	-0.188	1.000	-0.007	-0.223	0.069	-0.232	0.304	0.232	-0.178	0.198	-0.061	-0.041	0.142	0.202	-0.150	-0.127	-0.109	-0.001	-0.167	0.244	-0.049	0.061	0.028	-0.139	-0.186	-0.118	0.334	-0.087	-0.108	-0.230	0.258	-0.164	0.226	0.081	0.254	-0.087
38	-0.095	-0.084	0.142	-0.020	0.179	0.032	-0.214	0.046	-0.174	0.001	0.012	-0.067	0.048	0.023	-0.005	-0.280	-0.120	-0.019	0.009	0.010	-0.045	0.036	0.036	-0.106	-0.157	-0.067	-0.194	0.128	0.153	-0.138	-0.134	0.043	-0.201	0.020	0.022	-0.260	0.119	0.101	0.026	-0.031	-0.169	0.093	-0.031	0.010	0.068	-0.047	-0.035	0.123	0.021	-0.023	-0.056	-0.128	-0.058	0.002	-0.007	1.000	0.105	-0.174	0.227	-0.038	-0.017	0.113	0.198	0.039	0.079	-0.219	-0.076	0.175	0.124	-0.071	-0.009	-0.025	-0.192	0.160	0.237	0.149	-0.004	-0.030	0.116	-0.010	-0.049	0.078	0.184	-0.126	-0.134	0.149	0.049	0.041	-0.098
39	-0.042	0.018	0.165	-0.041	0.283	0.103	-0.028	0.093	-0.230	-0.078	-0.220	-0.040	0.075	0.172	-0.057	-0.289	-0.031	-0.068	0.207	0.150	-0.202	0.158	0.378	0.040	-0.027	0.013	-0.283	-0.093	0.156	-0.102	-0.010	0.216	-0.019	0.167	-0.261	-0.042	-0.132	-0.226	0.090	0.023	-0.002	-0.085	-0.161	-0.074	0.239	0.137	-0.079	-0.002	0.133	0.112	0.142	-0.316	-0.077	-0.136	-0.223	0.105	1.000	-0.319	0.409	-0.374	0.041	0.426	-0.124	-0.268	-0.333	-0.212	-0.148	0.110	0.436	-0.259	-0.026	-0.247	-0.262	0.368	0.263	-0.175	-0.067	-0.196	0.417	-0.083	0.232	-0.180	0.117	-0.063	0.090	0.135	0.046	-0.238	-0.077
4	0.461	-0.097	-0.103	0.093	-0.116	-0.255	-0.020	-0.071	0.070	0.317	0.033	0.160	-0.067	-0.124	0.222	0.398	-0.101	0.327	-0.140	-0.082	0.624	-0.062	-0.134	-0.058	-0.032	0.011	0.249	-0.091	-0.184	-0.002	0.254	-0.204	-0.175	-0.197	0.227	-0.026	0.257	-0.002	-0.183	-0.143	0.049	-0.140	0.111	0.135	-0.172	-0.092	0.351	0.200	-0.129	-0.147	-0.143	0.599	0.120	-0.021	0.069	-0.174	-0.319	1.000	-0.332	0.500	0.336	-0.244	-0.003	0.015	0.193	0.640	0.428	-0.168	-0.230	0.128	0.160	-0.028	0.519	-0.200	-0.126	-0.148	-0.043	0.058	-0.239	0.350	-0.114	-0.138	-0.147	0.083	-0.105	-0.063	-0.072	0.170	-0.014
48	-0.254	-0.033	0.079	-0.042	0.228	0.215	0.134	0.199	-0.001	-0.135	0.016	-0.203	0.037	0.039	-0.263	-0.242	-0.027	-0.254	0.128	0.041	-0.234	0.119	0.294	-0.081	-0.148	-0.004	-0.122	0.160	0.252	-0.044	-0.148	0.080	0.034	0.081	-0.246	-0.058	-0.296	0.122	0.163	-0.029	-0.130	0.157	-0.078	-0.053	0.108	0.118	-0.095	-0.122	0.080	0.075	0.096	-0.332	-0.277	0.058	-0.232	0.227	0.409	-0.332	1.000	-0.373	-0.171	0.273	-0.061	-0.035	-0.022	-0.342	-0.319	0.245	0.270	-0.012	0.121	0.075	-0.309	0.244	0.222	0.081	-0.054	0.074	0.274	-0.272	0.083	0.125	0.362	-0.211	0.116	-0.017	0.012	-0.178	-0.016
50	0.419	-0.134	-0.149	0.228	-0.186	-0.185	-0.144	-0.032	0.004	0.246	0.035	0.205	0.019	-0.203	0.237	0.138	-0.162	0.290	-0.252	-0.086	0.596	-0.116	-0.226	-0.116	-0.130	-0.089	0.129	-0.105	-0.113	-0.122	0.085	-0.255	-0.224	-0.204	0.405	-0.169	0.494	-0.044	-0.187	-0.112	-0.093	-0.086	0.169	0.283	-0.209	-0.197	0.282	0.265	-0.201	-0.194	-0.220	0.624	0.332	0.024	0.304	-0.038	-0.374	0.500	-0.373	1.000	0.269	-0.336	0.107	0.014	0.283	0.425	0.482	-0.129	-0.295	0.155	0.193	0.059	0.575	-0.230	-0.112	-0.044	0.002	0.105	-0.273	0.441	-0.217	-0.040	-0.097	0.122	-0.156	0.054	-0.116	0.328	-0.124
51	0.589	-0.090	-0.062	0.237	0.047	-0.244	-0.268	0.072	-0.326	0.434	-0.203	0.288	0.220	0.025	0.356	-0.020	-0.075	0.362	-0.072	-0.009	0.371	0.101	-0.083	-0.122	-0.084	-0.056	-0.304	-0.304	-0.071	-0.105	0.223	-0.022	-0.280	-0.054	0.258	-0.211	0.446	-0.352	-0.212	-0.131	-0.025	-0.370	-0.015	0.113	0.004	-0.155	0.381	0.424	-0.044	-0.131	-0.130	0.235	0.205	-0.271	0.232	-0.017	0.041	0.336	-0.171	0.269	1.000	0.097	-0.018	-0.179	-0.201	0.297	0.384	-0.092	0.081	-0.270	0.114	-0.408	0.201	0.087	0.052	-0.303	-0.112	-0.338	-0.083	0.529	0.082	-0.268	-0.264	0.131	-0.062	0.200	0.048	0.102	-0.132
52	0.033	-0.013	0.155	-0.095	0.197	0.005	-0.059	-0.001	-0.204	-0.044	-0.147	-0.072	0.023	0.242	-0.012	-0.091	0.042	-0.068	0.261	0.162	-0.160	0.121	0.351	-0.058	0.062	0.052	-0.187	-0.062	0.081	-0.023	0.030	0.155	-0.033	0.183	-0.234	-0.018	-0.103	-0.145	0.047	0.072	0.085	-0.074	-0.177	-0.305	0.259	0.039	-0.117	-0.003	0.181	0.082	0.011	-0.270	-0.104	-0.160	-0.178	0.113	0.426	-0.244	0.273	-0.336	0.097	1.000	-0.170	-0.201	-0.289	-0.117	-0.159	-0.009	0.310	-0.167	0.049	-0.185	-0.315	0.360	0.115	-0.083	0.081	-0.140	0.355	-0.073	0.254	-0.160	0.068	-0.078	0.080	0.091	0.119	-0.247	-0.006
54	0.031	0.011	-0.023	0.020	-0.077	0.011	-0.100	-0.068	-0.077	-0.034	0.094	0.132	0.095	-0.139	0.149	-0.113	-0.040	0.035	-0.106	-0.110	0.059	-0.055	-0.139	-0.021	-0.064	-0.001	-0.080	0.095	0.015	-0.010	-0.181	-0.056	-0.134	-0.143	0.211	-0.108	0.203	0.135	-0.053	-0.111	-0.084	0.103	0.033	0.097	-0.087	-0.113	-0.102	0.081	-0.035	-0.003	-0.085	0.083	0.103	0.034	0.198	0.198	-0.124	-0.003	-0.061	0.107	-0.018	-0.170	1.000	0.082	0.146	-0.089	0.076	-0.052	-0.078	-0.016	-0.122	0.061	0.109	-0.164	-0.000	0.154	0.052	0.016	-0.157	0.124	-0.107	0.095	-0.014	0.085	-0.105	0.136	0.042	0.287	-0.022
55	-0.185	0.076	-0.046	-0.066	-0.083	0.030	0.108	-0.089	0.198	-0.105	0.232	-0.009	-0.140	-0.150	-0.075	0.046	0.051	-0.083	-0.100	-0.061	-0.071	-0.037	-0.130	0.043	0.043	0.068	0.122	0.205	-0.012	0.099	-0.071	-0.090	0.114	-0.088	0.067	0.066	-0.033	0.265	0.138	0.028	0.002	0.176	0.099	-0.025	-0.127	-0.085	-0.049	-0.080	-0.069	-0.013	-0.041	-0.012	-0.034	0.295	-0.061	0.039	-0.268	0.015	-0.035	0.014	-0.179	-0.201	0.082	1.000	0.250	-0.070	-0.079	0.121	-0.216	0.189	-0.028	0.184	0.010	-0.185	-0.161	0.143	0.113	0.209	-0.210	-0.079	-0.121	0.369	0.059	-0.105	0.006	-0.191	-0.120	0.063	0.171
56	-0.127	-0.106	-0.229	0.065	-0.255	0.132	0.182	0.035	0.224	-0.036	0.279	-0.142	-0.204	-0.246	-0.185	0.086	-0.063	-0.007	-0.184	-0.204	0.251	-0.146	-0.186	-0.065	-0.122	-0.074	0.422	0.215	-0.002	-0.031	-0.147	-0.278	0.010	-0.192	0.123	-0.014	0.023	0.264	0.098	0.015	-0.069	0.350	0.256	0.039	-0.152	-0.172	-0.043	-0.165	-0.090	-0.085	-0.085	0.262	-0.051	0.258	-0.041	0.079	-0.333	0.193	-0.022	0.283	-0.201	-0.289	0.146	0.250	1.000	0.002	0.135	0.070	-0.268	0.428	0.084	0.576	0.300	-0.321	-0.245	0.264	0.065	0.470	-0.246	-0.129	-0.135	0.296	0.331	-0.141	-0.063	-0.249	-0.165	0.170	-0.002
6	0.353	-0.011	0.001	-0.007	-0.055	-0.166	0.078	-0.122	0.054	0.143	-0.082	0.089	-0.137	-0.065	0.243	0.466	-0.054	0.247	-0.049	-0.028	0.483	-0.057	-0.051	0.023	0.106	-0.002	0.157	-0.120	-0.207	-0.027	0.319	-0.126	-0.173	-0.097	0.066	0.118	0.276	-0.131	-0.166	-0.003	0.101	-0.222	-0.208	-0.029	-0.067	-0.073	0.313	0.130	-0.021	-0.112	-0.113	0.599	0.201	-0.089	0.142	-0.219	-0.212	0.640	-0.342	0.425	0.297	-0.117	-0.089	-0.070	0.002	1.000	0.334	-0.189	-0.213	0.008	0.117	-0.184	0.452	-0.114	-0.171	-0.222	0.026	-0.061	-0.174	0.309	-0.001	-0.170	-0.233	0.054	-0.036	-0.072	-0.041	0.077	0.005
61	0.428	-0.044	-0.090	0.266	-0.163	-0.206	-0.144	0.007	-0.100	0.340	-0.022	0.220	-0.005	-0.060	0.256	0.115	-0.053	0.612	-0.115	-0.025	0.606	-0.051	-0.088	-0.113	-0.052	-0.041	-0.055	-0.268	-0.076	-0.088	0.174	-0.149	-0.224	-0.106	0.243	-0.101	0.467	-0.236	-0.249	-0.080	-0.002	-0.269	0.082	0.178	-0.088	-0.207	0.325	0.313	-0.086	-0.160	-0.132	0.431	0.276	-0.094	0.202	-0.076	-0.148	0.428	-0.319	0.482	0.384	-0.159	0.076	-0.079	0.135	0.334	1.000	-0.092	-0.117	-0.102	0.168	-0.172	0.509	-0.135	-0.104	-0.179	-0.089	-0.140	-0.209	0.472	-0.103	-0.168	-0.189	0.127	-0.110	0.060	-0.021	0.223	-0.172
65	-0.111	-0.061	0.021	-0.074	0.123	0.072	-0.026	0.111	-0.032	0.012	0.025	-0.096	0.036	0.018	-0.143	-0.225	-0.039	-0.048	0.013	-0.070	-0.107	-0.086	0.084	-0.054	-0.135	-0.065	-0.072	0.126	0.131	-0.061	0.110	0.036	0.088	0.039	-0.117	-0.101	-0.078	0.019	0.144	-0.050	-0.107	0.085	0.025	0.023	0.004	0.046	0.191	0.030	0.060	-0.052	0.063	-0.194	-0.145	0.180	-0.150	0.175	0.110	-0.168	0.245	-0.129	-0.092	-0.009	-0.052	0.121	0.070	-0.189	-0.092	1.000	0.093	0.029	0.072	0.084	-0.074	0.095	-0.007	0.112	-0.007	0.008	0.111	-0.168	-0.072	0.134	0.155	-0.141	0.028	0.003	0.014	-0.096	-0.057
66	-0.090	0.006	0.124	-0.032	0.185	0.051	-0.032	0.089	-0.208	-0.033	-0.119	-0.007	0.117	0.190	0.014	-0.259	0.006	-0.036	0.135	0.144	-0.153	0.116	0.192	-0.021	-0.056	0.014	-0.326	-0.046	0.095	-0.070	-0.084	0.198	0.032	0.166	-0.154	-0.052	-0.074	-0.129	-0.008	0.001	-0.008	-0.093	-0.072	-0.049	0.190	0.158	-0.038	0.095	0.082	0.030	0.150	-0.277	-0.073	-0.206	-0.127	0.124	0.436	-0.230	0.270	-0.295	0.081	0.310	-0.078	-0.216	-0.268	-0.213	-0.117	0.093	1.000	-0.314	-0.026	-0.198	-0.219	0.307	0.235	-0.130	-0.131	-0.224	0.302	-0.052	0.187	-0.166	0.024	0.029	0.051	0.192	0.116	-0.129	-0.076
67	-0.054	0.011	-0.104	0.034	-0.178	0.081	0.348	0.057	0.387	-0.101	0.252	-0.139	-0.137	-0.191	-0.241	0.256	0.004	-0.176	-0.114	-0.077	0.061	-0.028	-0.068	-0.006	-0.024	-0.049	0.632	0.180	0.011	0.086	-0.042	-0.137	0.229	-0.104	0.088	0.236	-0.297	0.235	0.112	0.058	0.012	0.259	0.289	0.084	-0.068	-0.084	-0.092	-0.328	-0.024	0.010	-0.057	0.187	-0.049	0.270	-0.109	-0.071	-0.259	0.128	-0.012	0.155	-0.270	-0.167	-0.016	0.189	0.428	0.008	-0.102	0.029	-0.314	1.000	0.058	0.621	0.100	-0.222	-0.080	0.198	0.109	0.580	-0.157	-0.186	-0.121	0.248	0.286	-0.146	0.033	-0.304	-0.137	0.038	0.123
68	0.228	-0.105	0.012	0.095	0.061	0.052	-0.062	0.120	-0.047	0.081	-0.037	0.023	0.023	0.048	-0.050	-0.083	-0.137	0.060	-0.057	-0.006	0.225	-0.029	0.042	-0.158	-0.156	-0.118	-0.021	-0.038	0.082	-0.090	0.032	-0.064	-0.229	-0.067	0.011	-0.223	0.099	-0.098	-0.185	-0.160	-0.102	-0.058	0.034	0.090	-0.071	-0.046	0.152	0.251	0.003	-0.080	-0.047	0.192	-0.055	-0.009	-0.001	-0.009	-0.026	0.160	0.121	0.193	0.114	0.049	-0.122	-0.028	0.084	0.117	0.168	0.072	-0.026	0.058	1.000	0.006	0.101	0.054	0.055	-0.048	0.014	-0.000	-0.015	0.113	-0.128	-0.078	0.278	-0.033	-0.052	0.079	-0.049	-0.064	-0.123
7	-0.313	0.046	-0.116	-0.035	-0.211	0.212	0.465	0.076	0.525	-0.193	0.227	-0.231	-0.189	-0.156	-0.287	0.247	0.106	-0.249	-0.113	-0.125	-0.040	-0.081	-0.138	0.020	0.057	-0.033	0.664	0.241	0.080	0.136	-0.131	-0.190	0.396	-0.072	-0.026	0.362	-0.338	0.328	0.235	0.164	0.105	0.440	0.293	0.000	-0.074	-0.001	-0.183	-0.369	0.016	0.079	-0.021	0.085	-0.166	0.332	-0.167	-0.025	-0.247	-0.028	0.075	0.059	-0.408	-0.185	0.061	0.184	0.576	-0.184	-0.172	0.084	-0.198	0.621	0.006	1.000	0.072	-0.270	-0.107	0.401	0.161	0.691	-0.103	-0.370	-0.082	0.328	0.381	-0.159	0.034	-0.290	-0.125	0.047	0.136
71	0.321	-0.073	-0.204	0.207	-0.151	-0.127	0.066	-0.022	0.067	0.264	-0.001	0.180	-0.034	-0.170	0.175	0.234	-0.134	0.283	-0.190	-0.062	0.621	-0.147	-0.171	-0.091	-0.133	-0.058	0.189	-0.128	-0.136	-0.063	0.185	-0.184	-0.140	-0.175	0.314	-0.047	0.356	-0.024	-0.157	-0.145	-0.027	-0.149	0.170	0.273	-0.212	-0.096	0.326	0.171	-0.203	-0.161	-0.178	0.595	0.199	0.034	0.244	-0.192	-0.262	0.519	-0.309	0.575	0.201	-0.315	0.109	0.010	0.300	0.452	0.509	-0.074	-0.219	0.100	0.101	0.072	1.000	-0.243	-0.205	-0.088	-0.070	0.062	-0.236	0.347	-0.126	-0.100	-0.130	0.062	-0.170	0.027	-0.083	0.266	-0.164
73	-0.011	0.023	0.176	-0.055	0.302	0.026	-0.246	0.043	-0.262	-0.077	-0.103	-0.035	0.135	0.283	-0.039	-0.248	-0.124	-0.057	0.213	0.142	-0.149	0.095	0.263	0.015	-0.095	0.029	-0.232	-0.049	0.117	-0.117	-0.038	0.202	-0.140	0.217	-0.203	-0.173	-0.077	-0.092	-0.052	-0.072	-0.101	-0.078	-0.221	-0.129	0.188	0.061	-0.040	0.088	0.101	0.001	0.159	-0.268	-0.036	-0.114	-0.049	0.160	0.368	-0.200	0.244	-0.230	0.087	0.360	-0.164	-0.185	-0.321	-0.114	-0.135	0.095	0.307	-0.222	0.054	-0.270	-0.243	1.000	0.232	-0.029	-0.032	-0.203	0.308	-0.032	0.142	-0.142	0.114	0.010	0.074	0.195	0.144	-0.145	-0.071
74	0.068	-0.107	0.115	0.020	0.208	0.063	-0.153	0.114	-0.172	-0.018	-0.068	-0.030	0.188	0.076	0.021	-0.243	-0.082	-0.046	0.049	0.116	-0.129	0.208	0.020	-0.078	-0.055	-0.027	-0.190	-0.035	0.137	-0.056	-0.042	0.118	-0.149	0.108	-0.014	-0.170	0.021	-0.071	-0.093	-0.114	-0.077	-0.042	-0.000	0.038	0.054	0.027	-0.049	0.139	0.019	0.041	0.026	-0.208	0.008	-0.092	0.061	0.237	0.263	-0.126	0.222	-0.112	0.052	0.115	-0.000	-0.161	-0.245	-0.171	-0.104	-0.007	0.235	-0.080	0.055	-0.107	-0.205	0.232	1.000	0.035	-0.114	-0.160	0.184	0.010	0.013	-0.064	0.042	0.010	-0.032	0.192	0.024	-0.027	-0.077
75	-0.279	0.022	-0.056	0.002	-0.053	0.230	0.003	-0.027	0.097	-0.142	0.198	-0.230	-0.016	-0.157	-0.217	-0.095	-0.002	-0.192	-0.078	-0.126	-0.105	-0.078	-0.102	-0.037	0.022	0.017	0.190	0.314	0.119	0.002	-0.185	-0.148	0.055	-0.108	0.045	-0.026	-0.085	0.344	0.099	0.001	-0.025	0.372	0.174	-0.016	-0.143	-0.052	-0.175	-0.109	-0.032	-0.006	-0.018	-0.086	-0.086	0.162	0.028	0.149	-0.175	-0.148	0.081	-0.044	-0.303	-0.083	0.154	0.143	0.264	-0.222	-0.179	0.112	-0.130	0.198	-0.048	0.401	-0.088	-0.029	0.035	1.000	0.045	0.266	-0.058	-0.225	-0.027	0.261	0.224	-0.094	0.005	-0.083	-0.026	0.073	0.027
78	-0.091	0.011	0.029	-0.138	-0.070	0.002	0.131	-0.145	0.057	-0.117	0.025	0.066	-0.125	-0.129	-0.023	0.090	0.082	-0.082	-0.040	-0.092	-0.122	-0.008	-0.007	0.051	0.267	0.062	0.100	0.111	-0.111	0.069	0.024	-0.070	0.138	-0.017	-0.109	0.188	0.040	0.088	0.201	0.197	0.163	0.074	-0.144	-0.159	-0.028	-0.100	-0.088	-0.129	0.017	-0.017	-0.064	-0.007	-0.059	0.023	-0.139	-0.004	-0.067	-0.043	-0.054	0.002	-0.112	0.081	0.052	0.113	0.065	0.026	-0.089	-0.007	-0.131	0.109	0.014	0.161	-0.070	-0.032	-0.114	0.045	1.000	0.065	-0.106	-0.120	0.186	0.122	0.014	-0.013	0.087	-0.096	-0.042	-0.041	0.135
8	-0.249	0.023	0.006	-0.070	-0.183	0.135	0.357	-0.027	0.454	-0.167	0.231	-0.207	-0.256	-0.173	-0.286	0.349	0.053	-0.226	-0.073	-0.103	0.053	-0.046	-0.023	0.002	0.007	-0.030	0.645	0.184	-0.021	0.112	-0.029	-0.184	0.277	-0.058	-0.038	0.252	-0.277	0.245	0.246	0.168	0.045	0.393	0.181	-0.066	-0.037	-0.096	-0.094	-0.356	-0.023	0.064	-0.078	0.163	-0.070	0.348	-0.186	-0.030	-0.196	0.058	0.074	0.105	-0.338	-0.140	0.016	0.209	0.470	-0.061	-0.140	0.008	-0.224	0.580	-0.000	0.691	0.062	-0.203	-0.160	0.266	0.065	1.000	-0.158	-0.293	-0.090	0.318	0.358	-0.147	0.098	-0.294	-0.119	0.024	0.121
80	-0.052	0.033	0.154	-0.158	0.347	0.131	-0.153	0.149	-0.151	-0.174	-0.159	-0.177	0.033	0.389	-0.020	-0.266	-0.091	-0.117	0.283	0.224	-0.229	0.040	0.223	0.018	-0.042	0.050	-0.192	-0.050	0.218	-0.036	-0.138	0.287	-0.063	0.286	-0.187	-0.132	-0.171	-0.077	-0.013	-0.031	-0.043	-0.016	-0.062	0.038	0.216	0.329	-0.140	0.032	0.098	0.082	0.273	-0.290	-0.130	-0.110	-0.118	0.116	0.417	-0.239	0.274	-0.273	-0.083	0.355	-0.157	-0.210	-0.246	-0.174	-0.209	0.111	0.302	-0.157	-0.015	-0.103	-0.236	0.308	0.184	-0.058	-0.106	-0.158	1.000	-0.099	-0.016	-0.091	0.102	-0.036	-0.016	0.138	0.013	-0.184	-0.102
82	0.653	-0.027	-0.082	0.252	0.003	-0.284	-0.338	-0.034	-0.298	0.363	-0.083	0.356	0.244	-0.033	0.522	-0.077	-0.053	0.373	-0.075	0.023	0.432	-0.048	-0.106	-0.095	-0.093	-0.045	-0.262	-0.306	-0.168	-0.046	0.113	-0.022	-0.344	-0.110	0.470	-0.271	0.538	-0.313	-0.291	-0.235	-0.077	-0.361	0.067	0.318	-0.081	-0.103	0.364	0.551	-0.130	-0.173	-0.164	0.391	0.365	-0.213	0.334	-0.010	-0.083	0.350	-0.272	0.441	0.529	-0.073	0.124	-0.079	-0.129	0.309	0.472	-0.168	-0.052	-0.186	0.113	-0.370	0.347	-0.032	0.010	-0.225	-0.120	-0.293	-0.099	1.000	-0.083	-0.226	-0.279	0.218	-0.141	0.222	0.062	0.184	-0.203
83	-0.112	0.017	0.018	-0.034	0.017	-0.004	0.127	-0.089	-0.079	-0.001	-0.066	0.066	-0.011	-0.037	0.011	0.005	0.062	-0.048	0.079	0.050	-0.094	0.082	0.197	0.087	0.133	0.092	-0.037	0.042	-0.061	-0.010	0.062	0.038	0.139	0.058	-0.155	0.142	-0.037	-0.003	0.050	0.138	0.095	-0.036	-0.194	-0.233	0.059	-0.014	-0.112	-0.093	0.090	0.013	-0.009	-0.165	-0.001	-0.079	-0.087	-0.049	0.232	-0.114	0.083	-0.217	0.082	0.254	-0.107	-0.121	-0.135	-0.001	-0.103	-0.072	0.187	-0.121	-0.128	-0.082	-0.126	0.142	0.013	-0.027	0.186	-0.090	-0.016	-0.083	1.000	-0.037	-0.006	0.000	0.113	-0.003	0.080	-0.106	0.060
87	-0.298	-0.020	-0.032	-0.070	-0.112	0.180	0.139	-0.007	0.248	-0.176	0.244	-0.138	-0.114	-0.114	-0.222	-0.011	0.042	-0.177	-0.120	-0.084	-0.126	-0.024	-0.119	0.016	0.040	-0.027	0.174	0.332	0.052	0.008	-0.143	-0.137	0.192	-0.070	-0.047	0.090	-0.130	0.335	0.175	0.074	0.012	0.299	0.051	-0.121	-0.048	-0.052	-0.150	-0.130	-0.020	-0.014	0.019	-0.112	-0.186	0.308	-0.108	0.078	-0.180	-0.138	0.125	-0.040	-0.268	-0.160	0.095	0.369	0.296	-0.170	-0.168	0.134	-0.166	0.248	-0.078	0.328	-0.100	-0.142	-0.064	0.261	0.122	0.318	-0.091	-0.226	-0.037	1.000	0.216	-0.135	0.029	-0.185	-0.117	0.026	0.135
9	-0.191	-0.117	0.020	-0.022	0.117	0.158	0.043	0.185	0.127	-0.231	0.111	-0.163	-0.141	0.051	-0.333	-0.161	-0.171	-0.271	0.033	-0.022	-0.090	0.028	0.131	-0.095	-0.220	-0.064	0.197	0.210	0.225	-0.079	-0.223	0.010	0.054	-0.003	-0.122	-0.165	-0.291	0.186	0.060	-0.041	-0.156	0.232	0.148	0.012	0.012	-0.017	-0.147	-0.148	0.028	-0.028	0.060	-0.070	-0.228	0.165	-0.230	0.184	0.117	-0.147	0.362	-0.097	-0.264	0.068	-0.014	0.059	0.331	-0.233	-0.189	0.155	0.024	0.286	0.278	0.381	-0.130	0.114	0.042	0.224	0.014	0.358	0.102	-0.279	-0.006	0.216	1.000	-0.277	-0.008	-0.195	-0.030	-0.047	-0.086
90	0.138	0.091	-0.036	0.019	-0.042	-0.137	-0.113	-0.109	-0.120	0.026	-0.076	0.208	0.272	0.051	0.210	-0.056	0.033	0.084	-0.005	0.008	0.048	-0.040	-0.122	0.105	0.062	0.029	-0.144	-0.132	-0.115	0.016	-0.080	0.067	-0.089	0.064	0.133	-0.033	0.176	-0.118	-0.140	-0.057	-0.054	-0.156	-0.026	0.069	-0.017	0.036	-0.055	0.101	0.023	0.108	0.041	0.025	0.260	-0.095	0.258	-0.126	-0.063	0.083	-0.211	0.122	0.131	-0.078	0.085	-0.105	-0.141	0.054	0.127	-0.141	0.029	-0.146	-0.033	-0.159	0.062	0.010	0.010	-0.094	-0.013	-0.147	-0.036	0.218	0.000	-0.135	-0.277	1.000	-0.009	0.200	0.003	0.080	-0.013
92	-0.055	0.048	0.069	-0.062	-0.064	0.030	0.108	-0.085	0.069	-0.134	0.006	-0.031	-0.105	0.030	-0.059	0.063	0.179	-0.062	0.028	-0.019	-0.162	0.059	0.116	0.060	0.092	-0.002	0.108	0.059	-0.040	0.042	0.063	-0.021	0.159	0.061	-0.177	0.204	-0.169	0.015	0.197	0.201	0.090	0.059	-0.088	-0.179	0.030	-0.017	-0.085	-0.166	0.126	0.086	0.084	-0.117	-0.100	0.004	-0.164	-0.134	0.090	-0.105	0.116	-0.156	-0.062	0.080	-0.105	0.006	-0.063	-0.036	-0.110	0.028	0.051	0.033	-0.052	0.034	-0.170	0.074	-0.032	0.005	0.087	0.098	-0.016	-0.141	0.113	0.029	-0.008	-0.009	1.000	-0.041	0.038	-0.106	0.045
94	0.153	-0.011	0.106	0.032	0.206	-0.011	-0.300	-0.063	-0.283	0.074	-0.171	0.220	0.295	0.091	0.222	-0.317	-0.133	0.139	0.010	0.071	0.069	-0.035	0.053	-0.152	-0.142	-0.010	-0.363	-0.131	0.059	-0.076	-0.089	0.123	-0.205	0.036	0.074	-0.276	0.268	-0.202	-0.156	-0.187	-0.109	-0.199	-0.022	0.103	-0.002	0.107	0.127	0.462	0.011	-0.044	0.046	-0.042	0.182	-0.265	0.226	0.149	0.135	-0.063	-0.017	0.054	0.200	0.091	0.136	-0.191	-0.249	-0.072	0.060	0.003	0.192	-0.304	0.079	-0.290	0.027	0.195	0.192	-0.083	-0.096	-0.294	0.138	0.222	-0.003	-0.185	-0.195	0.200	-0.041	1.000	0.103	0.036	-0.114
95	-0.017	0.055	0.049	-0.031	0.100	-0.069	-0.051	0.001	-0.116	0.013	-0.082	0.033	0.059	0.096	0.041	-0.073	-0.002	0.048	0.062	0.030	-0.054	-0.008	0.064	0.065	0.046	-0.031	-0.064	-0.087	0.073	-0.018	0.072	0.125	-0.042	0.044	-0.069	-0.051	-0.014	-0.101	-0.040	-0.042	0.030	-0.085	-0.129	-0.078	0.049	0.071	0.097	0.114	0.026	-0.029	0.066	-0.067	0.076	-0.145	0.081	0.049	0.046	-0.072	0.012	-0.116	0.048	0.119	0.042	-0.120	-0.165	-0.041	-0.021	0.014	0.116	-0.137	-0.049	-0.125	-0.083	0.144	0.024	-0.026	-0.042	-0.119	0.013	0.062	0.080	-0.117	-0.030	0.003	0.038	0.103	1.000	-0.033	-0.005
97	0.097	-0.120	-0.090	0.202	-0.116	-0.084	-0.041	0.011	0.040	0.099	0.054	0.063	0.096	-0.159	0.092	-0.017	-0.076	0.153	-0.174	-0.133	0.218	-0.069	-0.178	-0.057	-0.112	-0.040	-0.012	-0.023	-0.054	-0.013	-0.098	-0.114	-0.089	-0.159	0.282	-0.073	0.221	0.087	-0.037	-0.114	-0.067	-0.022	0.149	0.172	-0.130	-0.120	0.038	0.103	-0.139	-0.072	-0.093	0.177	0.119	0.032	0.254	0.041	-0.238	0.170	-0.178	0.328	0.102	-0.247	0.287	0.063	0.170	0.077	0.223	-0.096	-0.129	0.038	-0.064	0.047	0.266	-0.145	-0.027	0.073	-0.041	0.024	-0.184	0.184	-0.106	0.026	-0.047	0.080	-0.106	0.036	-0.033	1.000	0.001
99	-0.148	0.019	0.019	-0.091	-0.031	0.058	0.170	-0.082	0.223	-0.157	0.037	-0.016	-0.091	-0.034	-0.097	0.149	0.146	-0.108	-0.009	-0.034	-0.176	0.062	-0.037	0.063	0.193	0.100	0.159	0.084	-0.075	0.076	-0.011	-0.000	0.219	-0.034	-0.140	0.239	-0.121	0.091	0.215	0.111	0.186	0.134	-0.044	-0.198	-0.023	-0.022	-0.152	-0.176	0.046	0.033	0.015	-0.056	-0.082	0.093	-0.087	-0.098	-0.077	-0.014	-0.016	-0.124	-0.132	-0.006	-0.022	0.171	-0.002	0.005	-0.172	-0.057	-0.076	0.123	-0.123	0.136	-0.164	-0.071	-0.077	0.027	0.135	0.121	-0.102	-0.203	0.060	0.135	-0.086	-0.013	0.045	-0.114	-0.005	0.001	1.000