OTU_id	10	100	102	105	106	109	11	112	113	117	120	124	125	126	129	13	132	133	134	139	14	140	143	146	15	150	16	172	178	179	18	187	19	190	195	2	20	201	21	22	23	24	25	26	266	268	28	29	298	310	321	33	35	36	37	38	39	4	48	50	51	52	54	55	56	6	61	65	66	67	68	7	71	73	74	75	78	8	80	82	83	87	9	90	92	94	95	97	99
10	1.000	-0.059	0.006	0.009	0.031	0.036	-0.023	0.136	0.016	0.031	-0.030	-0.024	0.018	-0.065	0.223	0.108	-0.076	0.059	-0.012	-0.118	-0.008	-0.007	0.079	-0.016	-0.060	0.087	-0.010	0.085	-0.034	-0.014	-0.057	-0.022	0.043	0.069	-0.063	-0.118	-0.103	0.032	-0.006	-0.082	0.036	-0.121	-0.037	-0.075	-0.044	-0.039	-0.074	-0.076	0.039	0.117	-0.032	-0.097	-0.081	0.017	0.082	0.083	-0.035	0.046	0.038	0.009	-0.167	0.045	0.038	-0.040	0.006	-0.168	-0.027	-0.036	-0.041	0.032	-0.052	0.008	-0.010	-0.060	-0.035	0.005	0.042	-0.136	-0.067	-0.033	-0.085	0.021	-0.130	-0.042	0.071	-0.041	0.082	0.043	-0.014
100	-0.059	1.000	-0.028	-0.032	0.026	-0.049	0.061	0.035	-0.033	0.014	-0.027	-0.012	-0.024	-0.025	0.118	-0.048	0.060	-0.028	-0.019	0.403	0.016	-0.027	-0.036	-0.016	-0.016	-0.014	0.013	0.007	-0.019	-0.012	-0.034	-0.040	0.046	0.076	0.036	-0.078	-0.006	-0.029	-0.004	-0.034	-0.019	0.074	-0.043	0.263	-0.005	-0.028	-0.044	0.003	-0.013	-0.004	-0.027	0.034	0.001	-0.039	-0.034	-0.033	-0.042	-0.055	-0.038	-0.041	0.020	-0.041	-0.013	0.027	-0.039	-0.050	-0.044	-0.022	-0.027	-0.021	-0.038	-0.063	0.024	0.009	-0.036	-0.033	-0.016	0.066	-0.033	-0.014	-0.019	0.006	-0.001	-0.020	-0.011	-0.005	-0.036	0.041	-0.019
102	0.006	-0.028	1.000	-0.022	-0.043	0.034	-0.066	0.028	-0.048	-0.045	-0.023	0.135	-0.014	-0.045	-0.056	0.103	0.096	0.084	-0.030	0.011	0.036	-0.004	-0.008	-0.020	-0.029	-0.030	0.155	-0.047	0.142	0.002	-0.025	-0.072	-0.098	-0.051	-0.007	-0.132	-0.029	-0.043	-0.079	-0.028	-0.034	-0.023	0.123	0.031	-0.017	0.008	0.042	0.018	-0.033	-0.033	0.033	-0.005	0.151	0.035	-0.030	0.053	-0.042	0.078	0.017	0.039	-0.054	-0.023	-0.033	-0.025	-0.072	-0.075	0.026	-0.039	0.016	0.268	0.081	0.024	0.125	0.025	-0.063	-0.007	0.037	0.010	-0.048	0.130	-0.039	0.032	-0.097	-0.041	-0.043	0.042	-0.042	0.004	0.013
105	0.009	-0.032	-0.022	1.000	0.107	-0.040	0.061	0.137	0.176	-0.073	0.055	-0.046	-0.026	-0.006	-0.005	-0.010	-0.022	0.051	-0.028	-0.034	0.112	-0.056	0.155	-0.054	-0.011	0.304	0.030	-0.029	0.008	-0.035	0.049	0.024	0.047	-0.020	-0.033	-0.032	-0.051	-0.059	-0.059	-0.008	0.006	0.018	-0.001	-0.092	0.141	0.039	0.009	-0.035	-0.032	-0.054	-0.014	0.016	-0.061	-0.024	0.294	-0.013	0.039	0.021	-0.077	-0.023	-0.062	-0.012	-0.033	0.143	-0.074	-0.018	-0.027	-0.031	-0.044	-0.044	0.012	-0.010	0.056	0.013	-0.040	0.079	0.065	-0.047	0.181	0.061	0.002	0.020	-0.081	0.035	0.005	-0.065	-0.003	-0.061	0.160
106	0.031	0.026	-0.043	0.107	1.000	0.002	-0.027	0.059	-0.027	-0.031	-0.009	-0.027	-0.027	-0.012	-0.007	0.141	-0.011	-0.045	-0.029	0.006	-0.099	0.091	0.029	-0.011	-0.020	-0.004	-0.036	0.062	0.003	0.159	0.031	-0.036	-0.042	-0.050	-0.076	-0.061	-0.064	-0.008	0.116	0.045	-0.015	-0.028	-0.003	-0.091	-0.036	-0.048	-0.131	0.007	0.005	0.009	-0.060	0.120	-0.043	0.038	0.201	0.081	0.021	0.006	-0.020	0.119	0.036	-0.055	0.126	0.725	0.003	-0.106	0.070	-0.002	-0.020	-0.026	-0.081	0.012	0.040	0.039	0.045	-0.037	-0.038	-0.063	-0.004	0.015	0.005	0.008	0.036	-0.008	-0.042	0.130	0.069	-0.048	-0.006
109	0.036	-0.049	0.034	-0.040	0.002	1.000	0.012	-0.006	0.033	-0.039	-0.063	0.012	0.031	0.101	-0.048	0.211	-0.014	-0.108	-0.052	-0.052	0.230	0.098	0.007	-0.032	-0.039	-0.030	-0.063	-0.045	-0.055	0.110	0.011	-0.074	-0.057	0.136	0.034	-0.030	0.034	0.037	0.028	0.054	-0.027	0.000	0.150	0.052	-0.030	0.021	-0.024	0.069	-0.032	0.015	-0.033	-0.002	0.014	-0.063	-0.066	0.099	-0.010	-0.086	0.092	-0.019	-0.017	0.011	-0.030	-0.042	-0.039	-0.028	0.058	-0.008	-0.063	-0.076	0.084	0.003	0.059	0.064	0.115	0.009	0.001	0.005	0.074	0.030	-0.053	0.032	-0.163	-0.029	0.052	-0.059	-0.111	0.013	0.018
11	-0.023	0.061	-0.066	0.061	-0.027	0.012	1.000	-0.014	0.101	0.005	0.005	0.021	0.035	-0.027	0.017	-0.031	0.048	-0.008	-0.079	0.093	0.059	-0.051	0.101	-0.023	-0.045	-0.012	-0.109	0.053	-0.033	-0.063	0.037	-0.048	0.006	0.043	0.014	-0.034	0.113	-0.005	0.124	-0.024	-0.057	-0.084	-0.034	-0.016	-0.025	-0.080	0.091	0.073	-0.000	-0.068	0.025	-0.015	0.217	-0.003	0.002	-0.053	-0.063	-0.065	-0.047	0.043	-0.111	-0.107	-0.017	0.037	0.020	-0.044	0.032	0.102	0.094	0.003	-0.048	-0.041	0.095	0.005	0.022	0.045	-0.064	-0.108	0.089	0.023	-0.022	-0.002	-0.020	-0.075	0.027	-0.021	-0.083	-0.042	-0.066
112	0.136	0.035	0.028	0.137	0.059	-0.006	-0.014	1.000	0.011	0.001	-0.021	0.162	-0.022	0.004	0.146	-0.006	0.045	0.103	-0.010	-0.053	0.014	0.022	-0.002	-0.026	-0.050	0.093	-0.000	0.127	-0.035	-0.029	-0.016	-0.049	0.114	0.040	-0.055	-0.113	-0.035	-0.012	-0.022	-0.032	0.453	0.001	-0.091	0.053	-0.002	-0.066	-0.068	0.054	0.047	-0.051	-0.037	0.011	-0.054	-0.034	0.104	0.012	-0.064	-0.049	-0.058	-0.061	-0.024	-0.032	-0.071	0.025	-0.027	-0.016	-0.017	-0.062	-0.058	-0.003	-0.020	0.035	0.143	-0.068	-0.059	0.042	-0.013	-0.029	0.078	-0.003	0.001	0.100	-0.071	0.409	-0.030	-0.016	0.059	-0.004	0.007
113	0.016	-0.033	-0.048	0.176	-0.027	0.033	0.101	0.011	1.000	-0.026	0.127	-0.078	-0.036	0.026	0.025	0.069	-0.071	0.030	-0.023	-0.064	-0.033	-0.011	0.122	-0.026	0.002	0.269	0.108	-0.048	-0.050	0.022	-0.026	-0.097	0.005	0.001	-0.046	-0.028	-0.056	-0.028	0.025	0.025	0.208	-0.026	0.021	-0.076	0.002	-0.068	0.021	-0.049	-0.026	-0.017	-0.024	0.020	0.097	-0.107	0.046	-0.036	0.065	0.037	0.002	-0.018	0.058	0.073	-0.062	-0.005	-0.035	-0.078	-0.085	0.147	-0.006	-0.047	0.033	-0.093	0.067	-0.088	0.030	-0.076	0.097	0.066	-0.067	0.072	0.005	-0.052	-0.069	-0.020	-0.056	-0.049	-0.068	0.031	-0.038
117	0.031	0.014	-0.045	-0.073	-0.031	-0.039	0.005	0.001	-0.026	1.000	-0.032	0.058	0.023	-0.034	-0.069	-0.087	-0.028	0.043	-0.020	-0.040	0.036	-0.007	-0.003	-0.059	-0.045	-0.048	-0.047	0.013	-0.012	-0.016	0.034	0.004	-0.024	-0.052	-0.123	-0.014	-0.002	-0.062	-0.026	-0.016	0.004	-0.047	0.120	-0.016	0.064	-0.025	-0.050	0.009	0.101	-0.045	-0.078	0.130	0.034	-0.060	-0.082	-0.029	-0.019	0.117	-0.105	-0.139	0.055	-0.043	-0.011	-0.065	0.086	-0.033	0.034	0.281	0.045	-0.033	-0.012	0.026	0.030	0.010	-0.055	0.069	-0.046	-0.081	-0.003	-0.076	-0.062	0.035	0.028	-0.001	-0.016	-0.038	0.119	-0.011	-0.007
120	-0.030	-0.027	-0.023	0.055	-0.009	-0.063	0.005	-0.021	0.127	-0.032	1.000	0.031	0.059	0.241	-0.048	0.035	0.017	0.076	-0.024	-0.009	-0.041	0.008	0.066	-0.030	-0.005	0.027	-0.067	-0.057	-0.071	-0.016	0.192	-0.055	-0.039	-0.002	0.047	-0.064	-0.080	-0.019	0.047	-0.041	-0.018	0.078	-0.037	-0.007	-0.029	0.036	-0.064	-0.066	-0.034	0.004	0.075	0.029	0.041	0.136	-0.077	-0.001	-0.002	-0.059	0.047	-0.067	-0.071	-0.060	0.107	-0.019	0.047	-0.045	0.024	0.150	0.038	0.044	0.064	-0.000	0.100	-0.041	-0.065	-0.063	0.023	0.081	-0.049	0.025	0.506	0.004	0.057	-0.002	-0.041	-0.048	0.006	-0.005	0.047
124	-0.024	-0.012	0.135	-0.046	-0.027	0.012	0.021	0.162	-0.078	0.058	0.031	1.000	0.054	0.082	-0.044	0.048	0.003	-0.008	-0.029	-0.002	-0.009	-0.051	0.115	-0.022	-0.042	-0.019	0.003	0.061	-0.008	-0.017	-0.081	-0.047	-0.021	-0.034	0.000	-0.060	-0.017	-0.056	-0.013	0.135	0.156	0.001	-0.031	-0.007	-0.043	0.178	-0.039	0.095	0.245	-0.034	-0.043	-0.050	0.064	0.007	-0.046	0.080	-0.037	0.034	0.251	0.151	-0.003	-0.085	0.003	-0.016	-0.072	-0.077	0.038	0.036	0.041	-0.026	0.057	0.047	0.046	0.066	-0.020	0.002	-0.065	-0.092	-0.041	0.096	0.021	0.022	0.005	0.222	0.029	-0.044	-0.016	0.292	-0.014
125	0.018	-0.024	-0.014	-0.026	-0.027	0.031	0.035	-0.022	-0.036	0.023	0.059	0.054	1.000	-0.042	-0.039	-0.033	0.012	0.037	0.007	0.039	0.036	-0.035	-0.014	-0.029	-0.005	-0.024	-0.055	-0.042	0.240	-0.007	-0.030	-0.041	-0.023	0.017	0.209	0.017	0.060	-0.045	-0.022	-0.054	-0.019	-0.053	-0.011	0.040	-0.023	0.091	0.162	-0.037	-0.028	-0.027	-0.024	0.073	-0.043	-0.004	0.028	0.305	-0.042	-0.013	0.129	-0.095	-0.029	-0.052	-0.019	-0.039	-0.052	-0.054	0.319	-0.048	-0.067	-0.022	0.080	-0.036	-0.002	-0.016	-0.023	0.071	0.004	-0.061	-0.058	0.067	-0.028	0.022	-0.081	-0.030	0.137	-0.052	0.012	-0.041	0.086
126	-0.065	-0.025	-0.045	-0.006	-0.012	0.101	-0.027	0.004	0.026	-0.034	0.241	0.082	-0.042	1.000	-0.012	-0.010	0.014	-0.056	-0.026	-0.031	-0.038	0.022	0.036	-0.023	-0.022	-0.007	-0.040	0.095	0.005	-0.012	0.028	-0.054	0.006	-0.043	-0.017	-0.053	-0.043	-0.037	0.114	0.001	-0.018	0.091	-0.025	-0.052	-0.023	-0.036	-0.026	0.020	-0.012	-0.018	-0.043	-0.067	0.029	0.142	-0.075	0.057	0.068	-0.015	-0.036	-0.026	-0.070	-0.061	0.049	-0.036	-0.075	-0.019	0.014	0.008	0.016	-0.044	-0.024	0.042	-0.067	-0.083	-0.004	0.307	-0.013	0.027	-0.043	-0.015	0.454	0.095	-0.005	-0.017	-0.035	-0.022	-0.017	-0.059	-0.049
129	0.223	0.118	-0.056	-0.005	-0.007	-0.048	0.017	0.146	0.025	-0.069	-0.048	-0.044	-0.039	-0.012	1.000	0.060	-0.045	0.117	-0.011	0.132	-0.010	-0.004	0.032	-0.027	0.414	0.034	0.035	0.236	0.118	-0.031	-0.094	-0.043	0.110	0.034	-0.008	-0.074	-0.031	0.046	-0.025	-0.034	-0.034	-0.048	-0.050	-0.063	-0.012	-0.027	0.096	-0.041	-0.024	-0.033	-0.037	-0.087	-0.018	0.023	0.044	-0.038	-0.039	-0.073	0.001	-0.070	-0.035	-0.038	-0.040	-0.013	-0.010	-0.119	-0.041	0.057	-0.019	-0.025	-0.059	0.000	-0.029	0.016	-0.037	-0.053	0.009	0.121	-0.064	-0.065	-0.012	0.078	-0.016	-0.036	-0.025	-0.041	0.022	0.005	0.012
13	0.108	-0.048	0.103	-0.010	0.141	0.211	-0.031	-0.006	0.069	-0.087	0.035	0.048	-0.033	-0.010	0.060	1.000	-0.054	0.030	-0.041	-0.023	-0.045	-0.009	0.000	0.021	0.080	0.089	-0.069	-0.007	0.074	0.012	0.004	-0.038	-0.053	0.132	-0.068	-0.093	-0.069	-0.041	0.209	0.130	-0.022	-0.076	0.010	0.040	-0.007	-0.036	0.011	0.094	-0.015	-0.047	0.088	0.058	0.030	-0.019	-0.026	0.061	0.093	0.021	0.102	0.211	0.107	0.082	0.040	-0.080	0.036	-0.103	-0.051	-0.012	-0.026	-0.014	0.119	-0.019	0.059	0.127	-0.023	0.012	0.135	0.006	0.052	0.082	-0.037	-0.033	-0.165	-0.018	-0.025	-0.060	-0.023	0.054	-0.076
132	-0.076	0.060	0.096	-0.022	-0.011	-0.014	0.048	0.045	-0.071	-0.028	0.017	0.003	0.012	0.014	-0.045	-0.054	1.000	0.142	-0.031	0.091	0.012	-0.006	0.039	0.001	-0.027	-0.032	-0.004	-0.027	-0.066	-0.001	-0.018	-0.024	-0.001	-0.057	0.162	0.055	0.085	0.112	-0.056	0.006	0.012	0.164	0.004	-0.019	-0.023	-0.048	-0.007	0.013	-0.033	-0.027	0.001	-0.011	-0.051	-0.023	-0.075	0.029	-0.077	-0.082	-0.020	-0.100	-0.012	-0.067	-0.003	-0.053	-0.015	0.148	0.089	0.026	-0.060	-0.022	0.032	0.004	0.032	0.111	-0.071	-0.013	-0.034	-0.108	0.000	0.227	0.069	-0.103	-0.048	-0.010	0.007	-0.048	-0.037	-0.037	0.072
133	0.059	-0.028	0.084	0.051	-0.045	-0.108	-0.008	0.103	0.030	0.043	0.076	-0.008	0.037	-0.056	0.117	0.030	0.142	1.000	-0.020	0.034	0.006	-0.069	-0.023	0.037	-0.061	-0.039	-0.067	0.041	-0.012	0.111	0.014	0.030	0.147	-0.070	-0.006	0.050	-0.005	-0.021	-0.103	-0.044	-0.027	-0.043	0.095	0.065	-0.067	-0.017	-0.089	0.076	-0.047	-0.027	-0.033	-0.012	0.019	0.012	-0.001	0.017	0.009	0.011	0.080	-0.101	-0.016	0.083	0.098	-0.030	0.100	-0.065	-0.135	0.039	-0.041	0.022	0.070	-0.144	0.081	0.026	-0.005	0.013	-0.041	-0.078	0.071	-0.087	-0.019	0.004	-0.052	0.104	0.033	-0.080	0.129	0.010	0.043
134	-0.012	-0.019	-0.030	-0.028	-0.029	-0.052	-0.079	-0.010	-0.023	-0.020	-0.024	-0.029	0.007	-0.026	-0.011	-0.041	-0.031	-0.020	1.000	-0.023	0.230	-0.032	-0.031	-0.017	-0.019	-0.008	-0.001	0.048	-0.027	-0.014	-0.054	-0.035	-0.023	-0.029	-0.027	-0.022	-0.020	-0.012	-0.037	-0.028	0.011	-0.029	-0.019	-0.058	-0.021	-0.017	0.017	-0.052	-0.021	-0.003	0.022	-0.056	-0.035	-0.053	0.053	0.266	0.021	-0.060	-0.001	-0.033	-0.030	-0.005	-0.033	-0.016	-0.041	-0.085	0.105	-0.039	0.032	-0.013	0.123	-0.015	-0.026	0.028	-0.043	-0.023	-0.013	0.200	0.065	0.024	-0.024	-0.029	-0.044	-0.017	0.554	-0.018	-0.025	-0.043	-0.022
139	-0.118	0.403	0.011	-0.034	0.006	-0.052	0.093	-0.053	-0.064	-0.040	-0.009	-0.002	0.039	-0.031	0.132	-0.023	0.091	0.034	-0.023	1.000	-0.052	-0.033	0.154	-0.017	-0.023	-0.014	0.022	0.108	-0.033	-0.016	-0.062	0.056	0.203	0.070	0.022	-0.011	-0.012	-0.024	-0.016	-0.009	-0.011	0.010	-0.048	-0.030	-0.007	0.007	0.165	0.031	-0.019	-0.018	0.079	-0.001	0.025	-0.047	-0.043	-0.010	-0.058	-0.080	-0.033	-0.009	0.001	0.013	-0.046	-0.035	0.020	0.064	0.061	-0.007	-0.035	-0.004	-0.040	-0.026	0.062	0.015	-0.030	0.025	-0.002	-0.034	-0.033	-0.054	-0.026	-0.031	-0.009	-0.026	-0.011	-0.040	-0.024	0.110	0.017
14	-0.008	0.016	0.036	0.112	-0.099	0.230	0.059	0.014	-0.033	0.036	-0.041	-0.009	0.036	-0.038	-0.010	-0.045	0.012	0.006	0.230	-0.052	1.000	-0.021	0.021	-0.060	-0.026	-0.015	0.104	-0.022	-0.054	-0.013	-0.043	-0.096	-0.041	0.012	0.153	-0.147	-0.014	0.155	-0.116	0.003	-0.067	0.053	-0.029	0.030	-0.066	-0.072	-0.045	-0.004	-0.047	-0.047	-0.010	0.080	-0.000	-0.150	-0.107	-0.036	-0.043	-0.044	-0.015	-0.073	-0.009	0.005	-0.077	-0.040	0.010	-0.152	0.016	-0.028	-0.068	0.020	0.053	0.057	-0.060	-0.016	-0.031	-0.075	-0.083	0.003	-0.024	0.031	0.029	0.073	0.006	-0.056	0.182	0.036	0.055	0.044	0.016
140	-0.007	-0.027	-0.004	-0.056	0.091	0.098	-0.051	0.022	-0.011	-0.007	0.008	-0.051	-0.035	0.022	-0.004	-0.009	-0.006	-0.069	-0.032	-0.033	-0.021	1.000	0.044	-0.023	-0.026	-0.009	-0.024	-0.030	0.009	-0.001	-0.061	-0.062	-0.048	-0.008	-0.031	0.005	-0.057	-0.024	0.042	-0.012	-0.014	-0.004	0.082	-0.003	0.017	-0.002	0.123	0.002	0.026	0.081	-0.044	-0.061	0.031	0.042	0.379	0.004	-0.046	-0.125	-0.034	0.043	-0.045	0.002	-0.046	-0.006	0.172	0.078	0.004	-0.042	-0.006	-0.003	-0.066	-0.029	-0.033	-0.004	0.245	-0.025	-0.038	-0.013	-0.006	-0.063	0.063	-0.060	-0.123	-0.038	-0.053	-0.031	-0.034	-0.005	0.072
143	0.079	-0.036	-0.008	0.155	0.029	0.007	0.101	-0.002	0.122	-0.003	0.066	0.115	-0.014	0.036	0.032	0.000	0.039	-0.023	-0.031	0.154	0.021	0.044	1.000	-0.028	-0.010	0.214	-0.040	-0.044	-0.037	-0.031	-0.059	0.029	0.056	-0.044	0.135	-0.120	0.143	0.176	-0.038	0.013	-0.042	-0.073	-0.031	-0.086	-0.037	0.009	0.014	0.050	-0.019	-0.013	0.011	-0.093	-0.058	0.038	0.019	0.006	-0.022	0.056	0.194	0.107	-0.089	0.007	0.042	-0.047	-0.071	-0.007	0.045	0.064	-0.034	-0.030	-0.013	-0.014	0.127	0.142	-0.077	0.047	-0.019	-0.060	0.014	-0.058	0.068	0.004	-0.060	-0.035	-0.035	-0.040	0.055	0.007	-0.057
146	-0.016	-0.016	-0.020	-0.054	-0.011	-0.032	-0.023	-0.026	-0.026	-0.059	-0.030	-0.022	-0.029	-0.023	-0.027	0.021	0.001	0.037	-0.017	-0.017	-0.060	-0.023	-0.028	1.000	-0.010	-0.012	-0.035	-0.040	-0.015	-0.012	0.031	-0.035	-0.029	-0.015	0.020	-0.055	-0.043	-0.006	-0.011	-0.033	-0.015	0.006	0.052	-0.019	0.002	0.090	0.081	-0.037	0.001	-0.017	-0.018	-0.027	-0.037	0.079	0.153	-0.062	-0.040	-0.083	0.008	-0.066	0.126	-0.032	-0.017	0.016	0.046	0.173	-0.002	-0.001	-0.010	-0.017	0.091	0.043	-0.042	0.001	-0.032	-0.005	-0.010	0.019	0.011	0.024	-0.020	-0.019	-0.043	-0.021	0.111	-0.017	-0.025	-0.007	-0.039
15	-0.060	-0.016	-0.029	-0.011	-0.020	-0.039	-0.045	-0.050	0.002	-0.045	-0.005	-0.042	-0.005	-0.022	0.414	0.080	-0.027	-0.061	-0.019	-0.023	-0.026	-0.026	-0.010	-0.010	1.000	0.007	0.027	-0.034	0.213	-0.012	-0.023	-0.024	-0.049	-0.012	-0.015	-0.062	-0.035	0.027	-0.012	-0.032	-0.011	-0.035	-0.041	-0.003	-0.013	-0.008	0.012	-0.046	-0.015	-0.009	0.017	0.006	-0.034	-0.042	0.050	0.025	0.323	0.001	0.031	-0.053	0.032	-0.046	-0.021	-0.019	0.067	0.005	-0.040	-0.002	-0.032	-0.025	0.112	-0.042	-0.011	-0.007	-0.019	-0.018	-0.022	0.053	-0.030	-0.024	-0.016	-0.054	-0.028	-0.020	-0.025	0.028	-0.037	-0.035	0.357
150	0.087	-0.014	-0.030	0.304	-0.004	-0.030	-0.012	0.093	0.269	-0.048	0.027	-0.019	-0.024	-0.007	0.034	0.089	-0.032	-0.039	-0.008	-0.014	-0.015	-0.009	0.214	-0.012	0.007	1.000	0.068	0.179	-0.033	-0.010	-0.049	-0.026	-0.040	0.007	-0.037	-0.030	-0.006	-0.010	0.127	-0.001	-0.008	0.002	0.006	-0.012	-0.017	-0.011	0.215	-0.034	-0.015	-0.013	-0.008	-0.050	0.002	-0.028	0.058	0.059	-0.023	-0.023	-0.038	-0.002	0.001	-0.018	-0.028	-0.014	-0.046	-0.048	-0.029	-0.012	-0.037	-0.051	0.137	-0.011	-0.062	0.002	-0.011	-0.043	0.589	-0.057	-0.008	0.349	-0.014	-0.007	-0.092	-0.001	-0.023	-0.022	-0.025	-0.034	-0.019
16	-0.010	0.013	0.155	0.030	-0.036	-0.063	-0.109	-0.000	0.108	-0.047	-0.067	0.003	-0.055	-0.040	0.035	-0.069	-0.004	-0.067	-0.001	0.022	0.104	-0.024	-0.040	-0.035	0.027	0.068	1.000	-0.059	0.164	0.026	-0.014	0.005	-0.058	-0.041	-0.016	-0.172	-0.089	-0.039	-0.044	0.067	0.312	0.113	-0.123	0.018	-0.070	-0.031	0.000	-0.035	-0.053	-0.006	0.020	-0.052	-0.021	-0.124	-0.065	-0.120	-0.108	-0.054	0.004	-0.009	-0.047	-0.012	-0.040	-0.064	-0.092	-0.024	-0.092	0.032	-0.085	0.137	0.090	0.099	-0.031	-0.021	-0.099	0.015	0.026	-0.038	-0.142	0.172	-0.052	0.020	-0.150	-0.035	-0.019	0.065	-0.049	0.106	0.019
172	0.085	0.007	-0.047	-0.029	0.062	-0.045	0.053	0.127	-0.048	0.013	-0.057	0.061	-0.042	0.095	0.236	-0.007	-0.027	0.041	0.048	0.108	-0.022	-0.030	-0.044	-0.040	-0.034	0.179	-0.059	1.000	-0.095	-0.029	-0.012	-0.074	0.004	0.058	-0.039	-0.031	0.005	0.016	0.033	-0.023	-0.034	-0.056	0.004	-0.007	-0.034	0.359	0.083	-0.066	-0.027	-0.014	-0.018	-0.045	0.003	0.102	-0.038	0.151	-0.059	-0.087	-0.088	0.041	-0.033	-0.073	0.012	0.076	0.101	-0.050	-0.007	-0.029	-0.031	-0.090	-0.033	0.229	0.043	0.063	-0.086	-0.026	0.141	0.014	-0.056	0.041	-0.050	0.194	0.014	-0.042	0.041	-0.006	0.065	-0.008	-0.048
178	-0.034	-0.019	0.142	0.008	0.003	-0.055	-0.033	-0.035	-0.050	-0.012	-0.071	-0.008	0.240	0.005	0.118	0.074	-0.066	-0.012	-0.027	-0.033	-0.054	0.009	-0.037	-0.015	0.213	-0.033	0.164	-0.095	1.000	-0.009	-0.055	-0.032	-0.005	-0.056	0.001	-0.049	-0.061	-0.066	0.091	-0.078	-0.016	-0.061	-0.058	-0.039	-0.037	-0.018	0.011	-0.076	-0.006	0.041	-0.039	0.060	-0.059	0.139	0.126	-0.054	0.069	0.097	-0.081	0.021	0.003	0.026	-0.016	-0.058	-0.034	-0.016	0.079	-0.064	-0.064	0.170	-0.046	-0.006	-0.029	0.055	-0.070	0.052	0.012	-0.040	-0.070	0.064	-0.048	0.114	-0.021	-0.048	-0.094	-0.025	-0.019	-0.053	0.092
179	-0.014	-0.012	0.002	-0.035	0.159	0.110	-0.063	-0.029	0.022	-0.016	-0.016	-0.017	-0.007	-0.012	-0.031	0.012	-0.001	0.111	-0.014	-0.016	-0.013	-0.001	-0.031	-0.012	-0.012	-0.010	0.026	-0.029	-0.009	1.000	-0.031	-0.019	-0.037	-0.017	0.022	-0.068	-0.038	-0.013	0.016	0.002	-0.010	0.097	0.060	-0.042	-0.014	-0.025	-0.052	-0.024	-0.014	-0.006	-0.027	0.030	-0.020	-0.043	-0.027	0.003	0.083	0.149	-0.031	-0.002	0.011	-0.030	-0.023	-0.018	-0.033	-0.053	-0.017	-0.013	0.051	-0.026	-0.049	-0.043	-0.031	0.209	-0.027	-0.027	-0.017	-0.052	-0.026	-0.033	-0.010	-0.042	-0.020	0.022	-0.026	-0.009	-0.019	-0.008	-0.013
18	-0.057	-0.034	-0.025	0.049	0.031	0.011	0.037	-0.016	-0.026	0.034	0.192	-0.081	-0.030	0.028	-0.094	0.004	-0.018	0.014	-0.054	-0.062	-0.043	-0.061	-0.059	0.031	-0.023	-0.049	-0.014	-0.012	-0.055	-0.031	1.000	-0.047	-0.034	-0.058	-0.021	-0.048	-0.117	0.090	0.100	0.045	-0.032	-0.051	-0.031	-0.062	0.120	-0.056	-0.020	0.016	-0.025	-0.054	-0.012	0.130	-0.031	-0.008	-0.010	-0.048	0.039	0.011	-0.048	-0.037	-0.089	0.094	0.068	0.072	-0.021	0.159	0.037	0.033	0.060	0.031	0.012	0.154	0.022	-0.052	0.050	-0.030	-0.071	-0.022	-0.019	-0.057	-0.026	0.016	-0.092	0.043	-0.007	0.052	0.037	-0.036	-0.007
187	-0.022	-0.040	-0.072	0.024	-0.036	-0.074	-0.048	-0.049	-0.097	0.004	-0.055	-0.047	-0.041	-0.054	-0.043	-0.038	-0.024	0.030	-0.035	0.056	-0.096	-0.062	0.029	-0.035	-0.024	-0.026	0.005	-0.074	-0.032	-0.019	-0.047	1.000	0.010	-0.052	0.041	-0.045	-0.072	-0.035	-0.051	-0.065	-0.027	-0.014	0.011	0.179	0.047	0.118	-0.005	0.044	0.015	-0.040	-0.038	-0.067	0.005	-0.005	-0.049	-0.034	-0.055	0.083	0.002	-0.039	0.126	0.060	0.129	-0.037	0.074	-0.008	-0.047	-0.006	0.093	0.096	-0.075	-0.062	0.030	-0.053	-0.023	0.001	-0.045	-0.002	0.155	-0.038	-0.021	-0.037	0.051	0.122	-0.015	-0.005	-0.011	-0.015	-0.108
19	0.043	0.046	-0.098	0.047	-0.042	-0.057	0.006	0.114	0.005	-0.024	-0.039	-0.021	-0.023	0.006	0.110	-0.053	-0.001	0.147	-0.023	0.203	-0.041	-0.048	0.056	-0.029	-0.049	-0.040	-0.058	0.004	-0.005	-0.037	-0.034	0.010	1.000	0.019	-0.027	-0.002	-0.026	-0.050	0.062	-0.073	0.065	-0.093	-0.038	-0.076	-0.044	-0.026	0.041	-0.014	-0.007	0.055	-0.047	-0.048	-0.076	0.030	-0.008	0.026	-0.005	-0.029	-0.064	-0.010	-0.126	0.054	-0.058	-0.014	0.017	-0.007	-0.030	-0.079	-0.035	0.053	-0.150	-0.099	-0.052	-0.079	-0.056	0.010	-0.035	-0.025	0.024	-0.129	0.027	0.153	-0.047	0.142	-0.083	-0.040	0.045	-0.011	-0.098
190	0.069	0.076	-0.051	-0.020	-0.050	0.136	0.043	0.040	0.001	-0.052	-0.002	-0.034	0.017	-0.043	0.034	0.132	-0.057	-0.070	-0.029	0.070	0.012	-0.008	-0.044	-0.015	-0.012	0.007	-0.041	0.058	-0.056	-0.017	-0.058	-0.052	0.019	1.000	0.015	-0.042	0.156	0.102	0.054	0.006	0.024	-0.004	-0.035	0.061	-0.005	0.046	-0.006	-0.024	-0.029	-0.024	-0.021	-0.081	-0.054	0.108	-0.021	0.044	-0.020	-0.074	-0.048	0.035	-0.076	-0.015	-0.027	0.055	-0.031	-0.042	0.004	0.063	0.038	-0.056	-0.024	-0.076	0.155	-0.017	-0.005	-0.002	0.381	0.022	0.011	-0.020	0.011	0.002	-0.062	0.010	-0.025	-0.000	-0.037	0.123	-0.018
195	-0.063	0.036	-0.007	-0.033	-0.076	0.034	0.014	-0.055	-0.046	-0.123	0.047	0.000	0.209	-0.017	-0.008	-0.068	0.162	-0.006	-0.027	0.022	0.153	-0.031	0.135	0.020	-0.015	-0.037	-0.016	-0.039	0.001	0.022	-0.021	0.041	-0.027	0.015	1.000	-0.074	0.042	0.548	-0.026	-0.064	-0.001	-0.059	0.115	-0.019	-0.007	0.174	0.039	-0.044	-0.040	-0.029	0.082	0.006	0.004	0.030	-0.049	0.109	-0.027	-0.132	0.228	-0.057	-0.001	-0.079	0.010	-0.063	0.134	-0.028	-0.018	-0.018	0.026	0.020	0.016	-0.098	0.061	0.006	-0.008	-0.047	-0.050	0.023	0.014	0.110	-0.006	0.015	0.035	-0.008	0.075	0.130	-0.067	-0.067	-0.005
2	-0.118	-0.078	-0.132	-0.032	-0.061	-0.030	-0.034	-0.113	-0.028	-0.014	-0.064	-0.060	0.017	-0.053	-0.074	-0.093	0.055	0.050	-0.022	-0.011	-0.147	0.005	-0.120	-0.055	-0.062	-0.030	-0.172	-0.031	-0.049	-0.068	-0.048	-0.045	-0.002	-0.042	-0.074	1.000	0.028	-0.005	0.008	-0.059	-0.099	0.003	-0.105	-0.019	-0.024	0.109	0.003	-0.097	-0.030	-0.078	0.129	0.126	-0.122	0.025	0.013	-0.030	-0.104	-0.145	-0.079	-0.151	0.019	-0.027	-0.021	-0.050	-0.031	-0.141	-0.026	0.107	-0.092	-0.143	-0.065	-0.127	-0.100	0.007	0.028	0.040	-0.021	-0.163	0.002	-0.100	-0.060	-0.138	-0.068	-0.052	-0.033	0.030	-0.076	-0.085	0.051
20	-0.103	-0.006	-0.029	-0.051	-0.064	0.034	0.113	-0.035	-0.056	-0.002	-0.080	-0.017	0.060	-0.043	-0.031	-0.069	0.085	-0.005	-0.020	-0.012	-0.014	-0.057	0.143	-0.043	-0.035	-0.006	-0.089	0.005	-0.061	-0.038	-0.117	-0.072	-0.026	0.156	0.042	0.028	1.000	-0.049	-0.034	-0.045	-0.042	-0.031	-0.041	0.003	-0.024	0.006	-0.022	-0.027	-0.049	-0.043	-0.059	-0.079	-0.028	-0.002	-0.050	-0.055	0.195	-0.156	-0.071	-0.069	-0.036	-0.019	-0.071	-0.041	-0.079	-0.069	-0.073	-0.038	-0.047	-0.072	-0.036	0.042	-0.043	0.037	-0.068	0.031	0.053	-0.112	0.039	0.051	-0.027	0.040	-0.136	-0.033	0.050	0.000	0.115	-0.032	0.131
201	0.032	-0.029	-0.043	-0.059	-0.008	0.037	-0.005	-0.012	-0.028	-0.062	-0.019	-0.056	-0.045	-0.037	0.046	-0.041	0.112	-0.021	-0.012	-0.024	0.155	-0.024	0.176	-0.006	0.027	-0.010	-0.039	0.016	-0.066	-0.013	0.090	-0.035	-0.050	0.102	0.548	-0.005	-0.049	1.000	-0.017	-0.014	0.002	-0.029	-0.011	-0.053	-0.015	-0.035	-0.011	-0.081	-0.020	0.015	0.242	0.112	0.052	0.087	-0.056	-0.002	-0.054	-0.059	0.051	0.075	-0.071	-0.035	0.025	0.024	0.084	-0.053	-0.035	-0.019	0.168	-0.051	0.049	-0.089	0.054	-0.021	0.070	-0.061	0.072	-0.031	-0.033	0.088	-0.022	0.045	0.094	0.036	-0.044	0.026	0.042	0.014	0.005
21	-0.006	-0.004	-0.079	-0.059	0.116	0.028	0.124	-0.022	0.025	-0.026	0.047	-0.013	-0.022	0.114	-0.025	0.209	-0.056	-0.103	-0.037	-0.016	-0.116	0.042	-0.038	-0.011	-0.012	0.127	-0.044	0.033	0.091	0.016	0.100	-0.051	0.062	0.054	-0.026	0.008	-0.034	-0.017	1.000	0.063	-0.041	-0.024	0.017	0.047	-0.035	-0.019	0.012	0.045	0.022	0.066	-0.010	-0.040	0.179	-0.002	-0.015	-0.006	0.110	-0.042	-0.053	0.080	-0.100	-0.052	-0.032	-0.037	0.053	-0.040	-0.037	0.027	0.026	-0.042	0.005	-0.093	0.024	0.023	-0.028	0.079	0.063	0.025	0.003	0.044	-0.006	-0.005	-0.101	-0.050	-0.052	0.021	0.054	0.091	-0.025
22	-0.082	-0.034	-0.028	-0.008	0.045	0.054	-0.024	-0.032	0.025	-0.016	-0.041	0.135	-0.054	0.001	-0.034	0.130	0.006	-0.044	-0.028	-0.009	0.003	-0.012	0.013	-0.033	-0.032	-0.001	0.067	-0.023	-0.078	0.002	0.045	-0.065	-0.073	0.006	-0.064	-0.059	-0.045	-0.014	0.063	1.000	0.010	0.161	0.054	0.119	0.227	-0.030	0.107	0.020	0.010	-0.015	0.032	-0.104	-0.019	-0.008	0.001	-0.005	-0.034	0.081	0.043	0.259	0.038	-0.025	-0.029	-0.002	-0.103	-0.038	-0.020	-0.014	-0.025	-0.001	-0.022	0.030	0.066	0.022	0.064	-0.016	-0.033	-0.041	-0.029	-0.003	-0.004	-0.054	-0.077	-0.044	0.010	0.103	0.045	0.513	-0.036
23	0.036	-0.019	-0.034	0.006	-0.015	-0.027	-0.057	0.453	0.208	0.004	-0.018	0.156	-0.019	-0.018	-0.034	-0.022	0.012	-0.027	0.011	-0.011	-0.067	-0.014	-0.042	-0.015	-0.011	-0.008	0.312	-0.034	-0.016	-0.010	-0.032	-0.027	0.065	0.024	-0.001	-0.099	-0.042	0.002	-0.041	0.010	1.000	-0.025	-0.047	-0.039	0.008	-0.029	0.001	-0.043	-0.016	-0.003	-0.031	-0.012	-0.036	-0.041	0.024	-0.009	-0.050	-0.054	-0.020	-0.021	-0.049	0.104	-0.002	0.012	-0.024	-0.033	-0.053	-0.045	-0.032	-0.021	0.009	-0.026	0.141	-0.050	-0.014	0.076	-0.029	-0.048	-0.018	-0.029	-0.018	-0.042	-0.040	0.449	-0.031	-0.036	0.036	0.173	-0.023
24	-0.121	0.074	-0.023	0.018	-0.028	0.000	-0.084	0.001	-0.026	-0.047	0.078	0.001	-0.053	0.091	-0.048	-0.076	0.164	-0.043	-0.029	0.010	0.053	-0.004	-0.073	0.006	-0.035	0.002	0.113	-0.056	-0.061	0.097	-0.051	-0.014	-0.093	-0.004	-0.059	0.003	-0.031	-0.029	-0.024	0.161	-0.025	1.000	-0.053	0.107	0.051	-0.031	0.107	-0.008	0.019	-0.045	-0.013	-0.054	-0.091	0.030	0.018	-0.021	-0.099	0.025	0.043	-0.049	0.061	-0.052	-0.034	-0.012	-0.117	-0.069	0.036	0.078	0.076	-0.066	-0.062	0.115	-0.051	-0.011	-0.074	-0.079	-0.029	-0.007	-0.064	0.140	0.347	-0.095	0.005	0.004	0.004	-0.081	-0.042	0.018	-0.019
25	-0.037	-0.043	0.123	-0.001	-0.003	0.150	-0.034	-0.091	0.021	0.120	-0.037	-0.031	-0.011	-0.025	-0.050	0.010	0.004	0.095	-0.019	-0.048	-0.029	0.082	-0.031	0.052	-0.041	0.006	-0.123	0.004	-0.058	0.060	-0.031	0.011	-0.038	-0.035	0.115	-0.105	-0.041	-0.011	0.017	0.054	-0.047	-0.053	1.000	0.017	0.026	-0.020	0.088	0.079	0.013	0.103	-0.035	-0.051	0.148	-0.062	-0.035	-0.012	0.040	-0.044	0.018	-0.047	-0.020	0.089	0.009	0.031	0.041	0.030	0.050	-0.035	-0.004	-0.045	-0.021	-0.040	-0.065	0.149	0.080	-0.067	0.020	-0.081	-0.015	-0.022	-0.028	-0.049	-0.122	0.016	-0.004	0.018	0.113	-0.002	-0.022
26	-0.075	0.263	0.031	-0.092	-0.091	0.052	-0.016	0.053	-0.076	-0.016	-0.007	-0.007	0.040	-0.052	-0.063	0.040	-0.019	0.065	-0.058	-0.030	0.030	-0.003	-0.086	-0.019	-0.003	-0.012	0.018	-0.007	-0.039	-0.042	-0.062	0.179	-0.076	0.061	-0.019	-0.019	0.003	-0.053	0.047	0.119	-0.039	0.107	0.017	1.000	-0.059	-0.006	-0.047	0.136	-0.068	-0.047	-0.010	0.000	-0.080	-0.010	-0.021	-0.006	0.019	-0.031	0.023	-0.037	0.160	0.069	0.063	-0.040	-0.021	-0.153	-0.057	-0.001	-0.035	0.067	-0.028	0.040	-0.037	-0.003	-0.017	-0.088	-0.053	-0.026	-0.013	0.045	-0.061	-0.081	-0.041	-0.012	-0.001	-0.036	0.035	0.126	-0.051
266	-0.044	-0.005	-0.017	0.141	-0.036	-0.030	-0.025	-0.002	0.002	0.064	-0.029	-0.043	-0.023	-0.023	-0.012	-0.007	-0.023	-0.067	-0.021	-0.007	-0.066	0.017	-0.037	0.002	-0.013	-0.017	-0.070	-0.034	-0.037	-0.014	0.120	0.047	-0.044	-0.005	-0.007	-0.024	-0.024	-0.015	-0.035	0.227	0.008	0.051	0.026	-0.059	1.000	0.047	0.184	-0.010	-0.018	0.012	-0.029	-0.015	0.045	-0.031	-0.017	-0.000	-0.041	-0.075	-0.040	-0.051	-0.014	0.009	-0.030	-0.026	-0.045	0.144	0.048	-0.041	-0.004	0.040	0.002	0.090	0.105	-0.024	0.018	-0.013	-0.024	-0.025	-0.015	-0.023	-0.018	-0.038	-0.008	0.003	0.080	-0.026	0.031	-0.002	-0.001
268	-0.039	-0.028	0.008	0.039	-0.048	0.021	-0.080	-0.066	-0.068	-0.025	0.036	0.178	0.091	-0.036	-0.027	-0.036	-0.048	-0.017	-0.017	0.007	-0.072	-0.002	0.009	0.090	-0.008	-0.011	-0.031	0.359	-0.018	-0.025	-0.056	0.118	-0.026	0.046	0.174	0.109	0.006	-0.035	-0.019	-0.030	-0.029	-0.031	-0.020	-0.006	0.047	1.000	0.054	0.032	-0.024	-0.028	-0.041	0.007	-0.016	-0.002	0.004	0.166	-0.061	-0.109	0.252	-0.060	-0.052	-0.061	-0.005	-0.028	-0.015	-0.028	-0.020	0.009	-0.036	-0.036	-0.054	0.192	-0.078	0.046	0.008	-0.016	-0.030	0.064	-0.053	0.000	-0.031	-0.081	-0.026	-0.024	-0.033	-0.048	-0.012	0.052	-0.008
28	-0.074	-0.044	0.042	0.009	-0.131	-0.024	0.091	-0.068	0.021	-0.050	-0.064	-0.039	0.162	-0.026	0.096	0.011	-0.007	-0.089	0.017	0.165	-0.045	0.123	0.014	0.081	0.012	0.215	0.000	0.083	0.011	-0.052	-0.020	-0.005	0.041	-0.006	0.039	0.003	-0.022	-0.011	0.012	0.107	0.001	0.107	0.088	-0.047	0.184	0.054	1.000	-0.013	-0.043	0.006	0.067	0.064	0.009	-0.020	-0.011	-0.045	-0.143	-0.113	0.136	0.034	-0.060	-0.083	0.018	-0.019	-0.058	0.053	0.004	-0.087	-0.028	-0.069	-0.037	-0.045	0.019	0.017	0.128	0.200	0.153	-0.029	-0.062	0.155	-0.003	-0.092	-0.114	-0.074	0.037	-0.081	0.014	0.115	-0.031
29	-0.076	0.003	0.018	-0.035	0.007	0.069	0.073	0.054	-0.049	0.009	-0.066	0.095	-0.037	0.020	-0.041	0.094	0.013	0.076	-0.052	0.031	-0.004	0.002	0.050	-0.037	-0.046	-0.034	-0.035	-0.066	-0.076	-0.024	0.016	0.044	-0.014	-0.024	-0.044	-0.097	-0.027	-0.081	0.045	0.020	-0.043	-0.008	0.079	0.136	-0.010	0.032	-0.013	1.000	0.040	-0.026	-0.017	0.101	0.068	-0.141	-0.085	0.066	-0.030	-0.117	0.193	0.048	0.161	0.039	0.106	-0.027	-0.074	0.026	0.160	0.055	-0.026	-0.002	0.027	-0.012	0.101	0.089	-0.032	0.028	-0.075	-0.107	0.121	0.072	-0.046	-0.016	-0.033	-0.053	-0.052	-0.032	0.093	0.074	-0.079
298	0.039	-0.013	-0.033	-0.032	0.005	-0.032	-0.000	0.047	-0.026	0.101	-0.034	0.245	-0.028	-0.012	-0.024	-0.015	-0.033	-0.047	-0.021	-0.019	-0.047	0.026	-0.019	0.001	-0.015	-0.015	-0.053	-0.027	-0.006	-0.014	-0.025	0.015	-0.007	-0.029	-0.040	-0.030	-0.049	-0.020	0.022	0.010	-0.016	0.019	0.013	-0.068	-0.018	-0.024	-0.043	0.040	1.000	-0.018	0.029	0.035	0.030	-0.030	-0.049	-0.068	0.050	0.116	0.045	0.211	0.095	-0.037	0.013	-0.017	-0.060	-0.003	0.006	-0.032	0.234	0.111	-0.008	-0.034	0.085	0.036	-0.013	-0.039	-0.022	-0.051	-0.032	-0.017	-0.019	0.020	-0.089	-0.019	-0.011	-0.025	-0.047	-0.006	-0.007
310	0.117	-0.004	-0.033	-0.054	0.009	0.015	-0.068	-0.051	-0.017	-0.045	0.004	-0.034	-0.027	-0.018	-0.033	-0.047	-0.027	-0.027	-0.003	-0.018	-0.047	0.081	-0.013	-0.017	-0.009	-0.013	-0.006	-0.014	0.041	-0.006	-0.054	-0.040	0.055	-0.024	-0.029	-0.078	-0.043	0.015	0.066	-0.015	-0.003	-0.045	0.103	-0.047	0.012	-0.028	0.006	-0.026	-0.018	1.000	-0.030	-0.045	-0.011	-0.035	0.027	-0.035	-0.035	-0.008	-0.041	0.144	-0.043	-0.036	0.013	-0.012	-0.019	0.084	-0.034	-0.030	-0.030	-0.047	0.044	0.079	-0.019	-0.023	0.055	-0.020	-0.011	-0.004	-0.025	0.007	-0.014	-0.027	-0.051	-0.019	-0.005	-0.024	-0.015	0.068	-0.032
321	-0.032	-0.027	0.033	-0.014	-0.060	-0.033	0.025	-0.037	-0.024	-0.078	0.075	-0.043	-0.024	-0.043	-0.037	0.088	0.001	-0.033	0.022	0.079	-0.010	-0.044	0.011	-0.018	0.017	-0.008	0.020	-0.018	-0.039	-0.027	-0.012	-0.038	-0.047	-0.021	0.082	0.129	-0.059	0.242	-0.010	0.032	-0.031	-0.013	-0.035	-0.010	-0.029	-0.041	0.067	-0.017	0.029	-0.030	1.000	0.028	-0.045	0.076	0.123	-0.022	0.009	-0.054	0.082	0.102	-0.068	0.012	-0.021	-0.044	0.125	-0.072	-0.082	-0.072	-0.031	0.124	0.055	-0.079	-0.014	0.001	-0.056	-0.019	0.023	-0.057	-0.023	0.113	-0.031	-0.059	0.044	-0.035	-0.006	-0.048	0.072	0.153	0.259
33	-0.097	0.034	-0.005	0.016	0.120	-0.002	-0.015	0.011	0.020	0.130	0.029	-0.050	0.073	-0.067	-0.087	0.058	-0.011	-0.012	-0.056	-0.001	0.080	-0.061	-0.093	-0.027	0.006	-0.050	-0.052	-0.045	0.060	0.030	0.130	-0.067	-0.048	-0.081	0.006	0.126	-0.079	0.112	-0.040	-0.104	-0.012	-0.054	-0.051	0.000	-0.015	0.007	0.064	0.101	0.035	-0.045	0.028	1.000	-0.033	-0.018	-0.053	-0.056	0.107	0.016	-0.002	-0.112	0.082	-0.014	0.005	0.079	0.027	-0.041	0.075	0.052	0.025	-0.080	0.153	-0.070	0.010	0.106	0.016	0.005	-0.072	-0.089	0.059	0.019	-0.031	0.040	-0.030	-0.039	-0.114	-0.073	0.119	-0.031	0.075
35	-0.081	0.001	0.151	-0.061	-0.043	0.014	0.217	-0.054	0.097	0.034	0.041	0.064	-0.043	0.029	-0.018	0.030	-0.051	0.019	-0.035	0.025	-0.000	0.031	-0.058	-0.037	-0.034	0.002	-0.021	0.003	-0.059	-0.020	-0.031	0.005	-0.076	-0.054	0.004	-0.122	-0.028	0.052	0.179	-0.019	-0.036	-0.091	0.148	-0.080	0.045	-0.016	0.009	0.068	0.030	-0.011	-0.045	-0.033	1.000	-0.074	-0.071	-0.045	-0.017	-0.038	-0.068	0.105	-0.089	-0.011	-0.065	-0.046	0.068	-0.037	0.030	0.069	0.201	-0.018	0.097	-0.026	-0.023	0.078	0.035	-0.042	-0.031	-0.105	-0.005	0.020	-0.024	0.132	0.082	-0.038	-0.051	-0.029	-0.023	-0.073	-0.069
36	0.017	-0.039	0.035	-0.024	0.038	-0.063	-0.003	-0.034	-0.107	-0.060	0.136	0.007	-0.004	0.142	0.023	-0.019	-0.023	0.012	-0.053	-0.047	-0.150	0.042	0.038	0.079	-0.042	-0.028	-0.124	0.102	0.139	-0.043	-0.008	-0.005	0.030	0.108	0.030	0.025	-0.002	0.087	-0.002	-0.008	-0.041	0.030	-0.062	-0.010	-0.031	-0.002	-0.020	-0.141	-0.030	-0.035	0.076	-0.018	-0.074	1.000	-0.033	-0.033	-0.067	0.078	-0.075	0.173	0.003	-0.033	-0.052	-0.001	0.048	-0.006	-0.032	-0.068	0.014	0.029	-0.016	-0.032	0.129	0.077	0.007	-0.053	0.068	-0.018	0.057	-0.058	0.317	0.045	-0.007	-0.055	-0.024	0.047	0.021	-0.024	-0.034
37	0.082	-0.034	-0.030	0.294	0.201	-0.066	0.002	0.104	0.046	-0.082	-0.077	-0.046	0.028	-0.075	0.044	-0.026	-0.075	-0.001	0.053	-0.043	-0.107	0.379	0.019	0.153	0.050	0.058	-0.065	-0.038	0.126	-0.027	-0.010	-0.049	-0.008	-0.021	-0.049	0.013	-0.050	-0.056	-0.015	0.001	0.024	0.018	-0.035	-0.021	-0.017	0.004	-0.011	-0.085	-0.049	0.027	0.123	-0.053	-0.071	-0.033	1.000	-0.010	0.028	-0.063	-0.030	-0.085	-0.067	-0.019	-0.010	0.227	0.077	-0.026	-0.034	-0.025	-0.063	0.075	-0.084	-0.044	-0.041	-0.122	-0.007	-0.035	-0.042	-0.024	0.047	0.026	-0.063	-0.090	-0.046	0.008	-0.001	-0.052	-0.014	-0.055	0.032
38	0.083	-0.033	0.053	-0.013	0.081	0.099	-0.053	0.012	-0.036	-0.029	-0.001	0.080	0.305	0.057	-0.038	0.061	0.029	0.017	0.266	-0.010	-0.036	0.004	0.006	-0.062	0.025	0.059	-0.120	0.151	-0.054	0.003	-0.048	-0.034	0.026	0.044	0.109	-0.030	-0.055	-0.002	-0.006	-0.005	-0.009	-0.021	-0.012	-0.006	-0.000	0.166	-0.045	0.066	-0.068	-0.035	-0.022	-0.056	-0.045	-0.033	-0.010	1.000	0.034	-0.027	0.077	-0.050	0.052	-0.108	-0.022	-0.002	0.039	-0.080	0.226	0.010	0.016	0.040	0.011	0.086	0.071	-0.007	-0.030	0.098	0.089	0.049	0.116	0.113	-0.008	-0.057	-0.098	0.002	0.168	-0.033	0.017	0.024	0.192
39	-0.035	-0.042	-0.042	0.039	0.021	-0.010	-0.063	-0.064	0.065	-0.019	-0.002	-0.037	-0.042	0.068	-0.039	0.093	-0.077	0.009	0.021	-0.058	-0.043	-0.046	-0.022	-0.040	0.323	-0.023	-0.108	-0.059	0.069	0.083	0.039	-0.055	-0.005	-0.020	-0.027	-0.104	0.195	-0.054	0.110	-0.034	-0.050	-0.099	0.040	0.019	-0.041	-0.061	-0.143	-0.030	0.050	-0.035	0.009	0.107	-0.017	-0.067	0.028	0.034	1.000	0.022	-0.034	0.025	-0.054	0.068	-0.026	-0.012	0.011	-0.067	0.038	-0.013	-0.069	-0.004	0.108	-0.124	-0.066	0.038	0.009	0.008	-0.052	-0.009	0.034	-0.029	-0.018	-0.061	-0.023	-0.037	-0.016	0.022	-0.022	-0.030	0.338
4	0.046	-0.055	0.078	0.021	0.006	-0.086	-0.065	-0.049	0.037	0.117	-0.059	0.034	-0.013	-0.015	-0.073	0.021	-0.082	0.011	-0.060	-0.080	-0.044	-0.125	0.056	-0.083	0.001	-0.023	-0.054	-0.087	0.097	0.149	0.011	0.083	-0.029	-0.074	-0.132	-0.145	-0.156	-0.059	-0.042	0.081	-0.054	0.025	-0.044	-0.031	-0.075	-0.109	-0.113	-0.117	0.116	-0.008	-0.054	0.016	-0.038	0.078	-0.063	-0.027	0.022	1.000	-0.044	0.142	0.118	0.106	-0.005	-0.072	0.053	-0.122	-0.007	0.029	0.092	0.068	-0.039	-0.022	-0.059	0.073	-0.083	0.063	0.043	-0.155	-0.061	-0.103	0.042	0.016	-0.076	0.027	-0.127	-0.090	-0.057	0.075	-0.022
48	0.038	-0.038	0.017	-0.077	-0.020	0.092	-0.047	-0.058	0.002	-0.105	0.047	0.251	0.129	-0.036	0.001	0.102	-0.020	0.080	-0.001	-0.033	-0.015	-0.034	0.194	0.008	0.031	-0.038	0.004	-0.088	-0.081	-0.031	-0.048	0.002	-0.064	-0.048	0.228	-0.079	-0.071	0.051	-0.053	0.043	-0.020	0.043	0.018	0.023	-0.040	0.252	0.136	0.193	0.045	-0.041	0.082	-0.002	-0.068	-0.075	-0.030	0.077	-0.034	-0.044	1.000	0.065	0.001	-0.017	0.099	-0.033	-0.100	-0.023	-0.025	-0.025	-0.018	-0.032	0.056	-0.021	-0.029	0.043	0.085	0.040	-0.056	0.017	-0.020	0.033	0.029	-0.061	-0.060	0.034	-0.006	-0.027	0.007	0.046	-0.050
50	0.009	-0.041	0.039	-0.023	0.119	-0.019	0.043	-0.061	-0.018	-0.139	-0.067	0.151	-0.095	-0.026	-0.070	0.211	-0.100	-0.101	-0.033	-0.009	-0.073	0.043	0.107	-0.066	-0.053	-0.002	-0.009	0.041	0.021	-0.002	-0.037	-0.039	-0.010	0.035	-0.057	-0.151	-0.069	0.075	0.080	0.259	-0.021	-0.049	-0.047	-0.037	-0.051	-0.060	0.034	0.048	0.211	0.144	0.102	-0.112	0.105	0.173	-0.085	-0.050	0.025	0.142	0.065	1.000	-0.036	0.073	-0.000	-0.050	-0.006	-0.064	0.007	-0.115	0.047	0.039	0.008	-0.077	0.148	0.138	-0.069	0.073	-0.000	-0.043	-0.050	0.015	-0.051	0.015	0.019	-0.038	-0.062	-0.028	0.062	0.220	-0.081
51	-0.167	0.020	-0.054	-0.062	0.036	-0.017	-0.111	-0.024	0.058	0.055	-0.071	-0.003	-0.029	-0.070	-0.035	0.107	-0.012	-0.016	-0.030	0.001	-0.009	-0.045	-0.089	0.126	0.032	0.001	-0.047	-0.033	0.003	0.011	-0.089	0.126	-0.126	-0.076	-0.001	0.019	-0.036	-0.071	-0.100	0.038	-0.049	0.061	-0.020	0.160	-0.014	-0.052	-0.060	0.161	0.095	-0.043	-0.068	0.082	-0.089	0.003	-0.067	0.052	-0.054	0.118	0.001	-0.036	1.000	-0.028	-0.054	-0.072	0.108	-0.058	-0.001	-0.027	-0.021	-0.019	0.004	0.056	0.009	-0.003	-0.051	0.026	-0.027	0.162	-0.005	-0.033	-0.070	-0.028	-0.040	-0.046	-0.074	-0.022	0.005	0.082	-0.018
52	0.045	-0.041	-0.023	-0.012	-0.055	0.011	-0.107	-0.032	0.073	-0.043	-0.060	-0.085	-0.052	-0.061	-0.038	0.082	-0.067	0.083	-0.005	0.013	0.005	0.002	0.007	-0.032	-0.046	-0.018	-0.012	-0.073	0.026	-0.030	0.094	0.060	0.054	-0.015	-0.079	-0.027	-0.019	-0.035	-0.052	-0.025	0.104	-0.052	0.089	0.069	0.009	-0.061	-0.083	0.039	-0.037	-0.036	0.012	-0.014	-0.011	-0.033	-0.019	-0.108	0.068	0.106	-0.017	0.073	-0.028	1.000	0.086	-0.050	-0.083	-0.072	0.117	-0.010	-0.094	0.022	-0.067	-0.073	-0.094	-0.079	-0.013	-0.057	-0.034	-0.050	0.035	-0.023	-0.043	-0.058	-0.076	-0.046	-0.016	-0.034	0.129	0.022	-0.045
54	0.038	-0.013	-0.033	-0.033	0.126	-0.030	-0.017	-0.071	-0.062	-0.011	0.107	0.003	-0.019	0.049	-0.040	0.040	-0.003	0.098	-0.033	-0.046	-0.077	-0.046	0.042	-0.017	-0.021	-0.028	-0.040	0.012	-0.016	-0.023	0.068	0.129	-0.058	-0.027	0.010	-0.021	-0.071	0.025	-0.032	-0.029	-0.002	-0.034	0.009	0.063	-0.030	-0.005	0.018	0.106	0.013	0.013	-0.021	0.005	-0.065	-0.052	-0.010	-0.022	-0.026	-0.005	0.099	-0.000	-0.054	0.086	1.000	0.123	-0.002	0.110	0.011	0.140	0.105	-0.001	-0.051	-0.050	0.022	-0.020	0.031	0.010	-0.024	-0.011	-0.058	0.055	-0.034	-0.057	-0.068	-0.024	-0.020	-0.031	0.018	0.048	-0.062
55	-0.040	0.027	-0.025	0.143	0.725	-0.042	0.037	0.025	-0.005	-0.065	-0.019	-0.016	-0.039	-0.036	-0.013	-0.080	-0.053	-0.030	-0.016	-0.035	-0.040	-0.006	-0.047	0.016	-0.019	-0.014	-0.064	0.076	-0.058	-0.018	0.072	-0.037	-0.014	0.055	-0.063	-0.050	-0.041	0.024	-0.037	-0.002	0.012	-0.012	0.031	-0.040	-0.026	-0.028	-0.019	-0.027	-0.017	-0.012	-0.044	0.079	-0.046	-0.001	0.227	-0.002	-0.012	-0.072	-0.033	-0.050	-0.072	-0.050	0.123	1.000	-0.019	-0.034	0.036	-0.009	0.034	-0.021	-0.095	0.048	-0.034	-0.052	0.043	-0.038	0.072	-0.052	-0.026	0.053	0.002	-0.004	0.136	0.011	-0.005	-0.010	0.029	-0.014	0.026
56	0.006	-0.039	-0.072	-0.074	0.003	-0.039	0.020	-0.027	-0.035	0.086	0.047	-0.072	-0.052	-0.075	-0.010	0.036	-0.015	0.100	-0.041	0.020	0.010	0.172	-0.071	0.046	0.067	-0.046	-0.092	0.101	-0.034	-0.033	-0.021	0.074	0.017	-0.031	0.134	-0.031	-0.079	0.084	0.053	-0.103	-0.024	-0.117	0.041	-0.021	-0.045	-0.015	-0.058	-0.074	-0.060	-0.019	0.125	0.027	0.068	0.048	0.077	0.039	0.011	0.053	-0.100	-0.006	0.108	-0.083	-0.002	-0.019	1.000	0.103	-0.018	-0.026	0.104	0.130	0.073	-0.089	-0.003	-0.012	-0.063	0.024	-0.022	-0.032	-0.045	-0.016	-0.030	0.041	-0.073	0.073	0.003	-0.074	0.041	0.011	0.118
6	-0.168	-0.050	-0.075	-0.018	-0.106	-0.028	-0.044	-0.016	-0.078	-0.033	-0.045	-0.077	-0.054	-0.019	-0.119	-0.103	0.148	-0.065	-0.085	0.064	-0.152	0.078	-0.007	0.173	0.005	-0.048	-0.024	-0.050	-0.016	-0.053	0.159	-0.008	-0.007	-0.042	-0.028	-0.141	-0.069	-0.053	-0.040	-0.038	-0.033	-0.069	0.030	-0.153	0.144	-0.028	0.053	0.026	-0.003	0.084	-0.072	-0.041	-0.037	-0.006	-0.026	-0.080	-0.067	-0.122	-0.023	-0.064	-0.058	-0.072	0.110	-0.034	0.103	1.000	-0.050	-0.015	0.084	-0.112	0.043	-0.017	-0.021	-0.037	0.093	-0.006	-0.085	-0.066	-0.028	-0.102	-0.055	-0.093	-0.230	-0.051	-0.024	-0.036	-0.097	-0.106	-0.042
61	-0.027	-0.044	0.026	-0.027	0.070	0.058	0.032	-0.017	-0.085	0.034	0.024	0.038	0.319	0.014	-0.041	-0.051	0.089	-0.135	0.105	0.061	0.016	0.004	0.045	-0.002	-0.040	-0.029	-0.092	-0.007	0.079	-0.017	0.037	-0.047	-0.030	0.004	-0.018	-0.026	-0.073	-0.035	-0.037	-0.020	-0.053	0.036	0.050	-0.057	0.048	-0.020	0.004	0.160	0.006	-0.034	-0.082	0.075	0.030	-0.032	-0.034	0.226	0.038	-0.007	-0.025	0.007	-0.001	0.117	0.011	0.036	-0.018	-0.050	1.000	-0.005	-0.051	0.033	0.146	0.032	0.042	0.055	-0.096	0.003	-0.032	-0.071	0.142	0.035	0.114	0.089	-0.014	-0.057	0.065	-0.037	-0.023	-0.035	0.026
65	-0.036	-0.022	-0.039	-0.031	-0.002	-0.008	0.102	-0.062	0.147	0.281	0.150	0.036	-0.048	0.008	0.057	-0.012	0.026	0.039	-0.039	-0.007	-0.028	-0.042	0.064	-0.001	-0.002	-0.012	0.032	-0.029	-0.064	-0.013	0.033	-0.006	-0.079	0.063	-0.018	0.107	-0.038	-0.019	0.027	-0.014	-0.045	0.078	-0.035	-0.001	-0.041	0.009	-0.087	0.055	-0.032	-0.030	-0.072	0.052	0.069	-0.068	-0.025	0.010	-0.013	0.029	-0.025	-0.115	-0.027	-0.010	0.140	-0.009	-0.026	-0.015	-0.005	1.000	0.002	-0.039	-0.001	0.036	-0.032	0.028	0.025	-0.062	0.019	-0.028	-0.033	0.016	0.060	-0.040	-0.066	-0.042	-0.030	-0.027	-0.081	0.044	-0.027
66	-0.041	-0.027	0.016	-0.044	-0.020	-0.063	0.094	-0.058	-0.006	0.045	0.038	0.041	-0.067	0.016	-0.019	-0.026	-0.060	-0.041	0.032	-0.035	-0.068	-0.006	-0.034	-0.010	-0.032	-0.037	-0.085	-0.031	-0.064	0.051	0.060	0.093	-0.035	0.038	0.026	-0.092	-0.047	0.168	0.026	-0.025	-0.032	0.076	-0.004	-0.035	-0.004	-0.036	-0.028	-0.026	0.234	-0.030	-0.031	0.025	0.201	0.014	-0.063	0.016	-0.069	0.092	-0.018	0.047	-0.021	-0.094	0.105	0.034	0.104	0.084	-0.051	0.002	1.000	0.035	-0.040	-0.046	0.001	-0.046	0.276	-0.043	0.012	-0.024	0.079	0.043	0.090	-0.010	-0.047	-0.039	-0.017	0.108	0.037	-0.042	-0.065
67	0.032	-0.021	0.268	-0.044	-0.026	-0.076	0.003	-0.003	-0.047	-0.033	0.044	-0.026	-0.022	-0.044	-0.025	-0.014	-0.022	0.022	-0.013	-0.004	0.020	-0.003	-0.030	-0.017	-0.025	-0.051	0.137	-0.090	0.170	-0.026	0.031	0.096	0.053	-0.056	0.020	-0.143	-0.072	-0.051	-0.042	-0.001	-0.021	-0.066	-0.045	0.067	0.040	-0.036	-0.069	-0.002	0.111	-0.047	0.124	-0.080	-0.018	0.029	0.075	0.040	-0.004	0.068	-0.032	0.039	-0.019	0.022	-0.001	-0.021	0.130	-0.112	0.033	-0.039	0.035	1.000	0.013	0.052	0.020	-0.098	-0.064	-0.018	0.034	0.006	-0.072	0.187	-0.054	0.115	-0.058	-0.006	-0.052	0.055	-0.027	0.107	0.029
68	-0.052	-0.038	0.081	0.012	-0.081	0.084	-0.048	-0.020	0.033	-0.012	0.064	0.057	0.080	-0.024	-0.059	0.119	0.032	0.070	0.123	-0.040	0.053	-0.066	-0.013	0.091	0.112	0.137	0.090	-0.033	-0.046	-0.049	0.012	-0.075	-0.150	-0.024	0.016	-0.065	-0.036	0.049	0.005	-0.022	0.009	-0.062	-0.021	-0.028	0.002	-0.054	-0.037	0.027	-0.008	0.044	0.055	0.153	0.097	-0.016	-0.084	0.011	0.108	-0.039	0.056	0.008	0.004	-0.067	-0.051	-0.095	0.073	0.043	0.146	-0.001	-0.040	0.013	1.000	0.023	0.126	0.136	-0.004	0.039	0.107	-0.005	0.084	0.147	-0.077	0.101	-0.107	-0.004	0.047	-0.045	-0.055	-0.065	0.076
7	0.008	-0.063	0.024	-0.010	0.012	0.003	-0.041	0.035	-0.093	0.026	-0.000	0.047	-0.036	0.042	0.000	-0.019	0.004	-0.144	-0.015	-0.026	0.057	-0.029	-0.014	0.043	-0.042	-0.011	0.099	0.229	-0.006	-0.043	0.154	-0.062	-0.099	-0.076	-0.098	-0.127	0.042	-0.089	-0.093	0.030	-0.026	0.115	-0.040	0.040	0.090	0.192	-0.045	-0.012	-0.034	0.079	-0.079	-0.070	-0.026	-0.032	-0.044	0.086	-0.124	-0.022	-0.021	-0.077	0.056	-0.073	-0.050	0.048	-0.089	-0.017	0.032	0.036	-0.046	0.052	0.023	1.000	-0.060	-0.051	-0.118	-0.049	0.011	-0.120	-0.016	0.085	-0.041	-0.012	-0.063	-0.039	-0.078	-0.056	0.110	-0.001	0.065
71	-0.010	0.024	0.125	0.056	0.040	0.059	0.095	0.143	0.067	0.030	0.100	0.046	-0.002	-0.067	-0.029	0.059	0.032	0.081	-0.026	0.062	-0.060	-0.033	0.127	-0.042	-0.011	-0.062	-0.031	0.043	-0.029	-0.031	0.022	0.030	-0.052	0.155	0.061	-0.100	-0.043	0.054	0.024	0.066	0.141	-0.051	-0.065	-0.037	0.105	-0.078	0.019	0.101	0.085	-0.019	-0.014	0.010	-0.023	0.129	-0.041	0.071	-0.066	-0.059	-0.029	0.148	0.009	-0.094	0.022	-0.034	-0.003	-0.021	0.042	-0.032	0.001	0.020	0.126	-0.060	1.000	0.008	-0.037	0.014	-0.045	-0.035	0.112	-0.026	-0.052	0.059	-0.030	0.057	-0.027	0.279	-0.049	-0.032	-0.014
73	-0.060	0.009	0.025	0.013	0.039	0.064	0.005	-0.068	-0.088	0.010	-0.041	0.066	-0.016	-0.083	0.016	0.127	0.111	0.026	0.028	0.015	-0.016	-0.004	0.142	0.001	-0.007	0.002	-0.021	0.063	0.055	0.209	-0.052	-0.053	-0.079	-0.017	0.006	0.007	0.037	-0.021	0.023	0.022	-0.050	-0.011	0.149	-0.003	-0.024	0.046	0.017	0.089	0.036	-0.023	0.001	0.106	0.078	0.077	-0.122	-0.007	0.038	0.073	0.043	0.138	-0.003	-0.079	-0.020	-0.052	-0.012	-0.037	0.055	0.028	-0.046	-0.098	0.136	-0.051	0.008	1.000	-0.074	-0.031	-0.015	-0.105	0.053	0.161	-0.055	0.097	-0.031	-0.055	-0.008	-0.059	0.062	-0.063	0.031
74	-0.035	-0.036	-0.063	-0.040	0.045	0.115	0.022	-0.059	0.030	-0.055	-0.065	-0.020	-0.023	-0.004	-0.037	-0.023	-0.071	-0.005	-0.043	-0.030	-0.031	0.245	-0.077	-0.032	-0.019	-0.011	-0.099	-0.086	-0.070	-0.027	0.050	-0.023	-0.056	-0.005	-0.008	0.028	-0.068	0.070	-0.028	0.064	-0.014	-0.074	0.080	-0.017	0.018	0.008	0.128	-0.032	-0.013	0.055	-0.056	0.016	0.035	0.007	-0.007	-0.030	0.009	-0.083	0.085	-0.069	-0.051	-0.013	0.031	0.043	-0.063	0.093	-0.096	0.025	0.276	-0.064	-0.004	-0.118	-0.037	-0.074	1.000	0.039	-0.044	-0.017	-0.016	-0.040	-0.039	-0.048	-0.067	-0.047	-0.031	0.244	0.011	0.031	0.065
75	0.005	-0.033	-0.007	0.079	-0.037	0.009	0.045	0.042	-0.076	0.069	-0.063	0.002	0.071	0.307	-0.053	0.012	-0.013	0.013	-0.023	0.025	-0.075	-0.025	0.047	-0.005	-0.018	-0.043	0.015	-0.026	0.052	-0.027	-0.030	0.001	0.010	-0.002	-0.047	0.040	0.031	-0.061	0.079	-0.016	0.076	-0.079	-0.067	-0.088	-0.013	-0.016	0.200	0.028	-0.039	-0.020	-0.019	0.005	-0.042	-0.053	-0.035	0.098	0.008	0.063	0.040	0.073	0.026	-0.057	0.010	-0.038	0.024	-0.006	0.003	-0.062	-0.043	-0.018	0.039	-0.049	0.014	-0.031	0.039	1.000	-0.009	-0.092	-0.022	0.048	-0.022	0.019	-0.159	0.060	-0.063	-0.029	0.009	-0.006	0.111
78	0.042	-0.016	0.037	0.065	-0.038	0.001	-0.064	-0.013	0.097	-0.046	0.023	-0.065	0.004	-0.013	0.009	0.135	-0.034	-0.041	-0.013	-0.002	-0.083	-0.038	-0.019	-0.010	-0.022	0.589	0.026	0.141	0.012	-0.017	-0.071	-0.045	-0.035	0.381	-0.050	-0.021	0.053	0.072	0.063	-0.033	-0.029	-0.029	0.020	-0.053	-0.024	-0.030	0.153	-0.075	-0.022	-0.011	0.023	-0.072	-0.031	0.068	-0.042	0.089	-0.052	0.043	-0.056	-0.000	-0.027	-0.034	-0.024	0.072	-0.022	-0.085	-0.032	0.019	0.012	0.034	0.107	0.011	-0.045	-0.015	-0.044	-0.009	1.000	-0.002	-0.032	0.297	-0.012	-0.043	-0.038	-0.009	-0.040	-0.029	-0.012	0.081	-0.014
8	-0.136	0.066	0.010	-0.047	-0.063	0.005	-0.108	-0.029	0.066	-0.081	0.081	-0.092	-0.061	0.027	0.121	0.006	-0.108	-0.078	0.200	-0.034	0.003	-0.013	-0.060	0.019	0.053	-0.057	-0.038	0.014	-0.040	-0.052	-0.022	-0.002	-0.025	0.022	0.023	-0.163	-0.112	-0.031	0.025	-0.041	-0.048	-0.007	-0.081	-0.026	-0.025	0.064	-0.029	-0.107	-0.051	-0.004	-0.057	-0.089	-0.105	-0.018	-0.024	0.049	-0.009	-0.155	0.017	-0.043	0.162	-0.050	-0.011	-0.052	-0.032	-0.066	-0.071	-0.028	-0.024	0.006	-0.005	-0.120	-0.035	-0.105	-0.017	-0.092	-0.002	1.000	-0.078	-0.072	-0.006	-0.055	-0.038	-0.054	0.124	-0.056	-0.097	-0.011	-0.131
80	-0.067	-0.033	-0.048	0.181	-0.004	0.074	0.089	0.078	-0.067	-0.003	-0.049	-0.041	-0.058	-0.043	-0.064	0.052	0.000	0.071	0.065	-0.033	-0.024	-0.006	0.014	0.011	-0.030	-0.008	-0.142	-0.056	-0.070	-0.026	-0.019	0.155	0.024	0.011	0.014	0.002	0.039	-0.033	0.003	-0.029	-0.018	-0.064	-0.015	-0.013	-0.015	-0.053	-0.062	0.121	-0.032	-0.025	-0.023	0.059	-0.005	0.057	0.047	0.116	0.034	-0.061	-0.020	-0.050	-0.005	0.035	-0.058	-0.026	-0.045	-0.028	0.142	-0.033	0.079	-0.072	0.084	-0.016	0.112	0.053	-0.016	-0.022	-0.032	-0.078	1.000	-0.032	-0.029	0.026	0.022	-0.030	0.052	-0.037	0.012	-0.071	-0.019
82	-0.033	-0.014	0.130	0.061	0.015	0.030	0.023	-0.003	0.072	-0.076	0.025	0.096	0.067	-0.015	-0.065	0.082	0.227	-0.087	0.024	-0.054	0.031	-0.063	-0.058	0.024	-0.024	0.349	0.172	0.041	0.064	-0.033	-0.057	-0.038	-0.129	-0.020	0.110	-0.100	0.051	0.088	0.044	-0.003	-0.029	0.140	-0.022	0.045	-0.023	0.000	0.155	0.072	-0.017	0.007	0.113	0.019	0.020	-0.058	0.026	0.113	-0.029	-0.103	0.033	0.015	-0.033	-0.023	0.055	0.053	-0.016	-0.102	0.035	0.016	0.043	0.187	0.147	0.085	-0.026	0.161	-0.040	0.048	0.297	-0.072	-0.032	1.000	-0.042	-0.021	-0.089	-0.026	-0.044	-0.026	0.036	0.088	0.211
83	-0.085	-0.019	-0.039	0.002	0.005	-0.053	-0.022	0.001	0.005	-0.062	0.506	0.021	-0.028	0.454	-0.012	-0.037	0.069	-0.019	-0.024	-0.026	0.029	0.063	0.068	-0.020	-0.016	-0.014	-0.052	-0.050	-0.048	-0.010	-0.026	-0.021	0.027	0.011	-0.006	-0.060	-0.027	-0.022	-0.006	-0.004	-0.018	0.347	-0.028	-0.061	-0.018	-0.031	-0.003	-0.046	-0.019	-0.014	-0.031	-0.031	-0.024	0.317	-0.063	-0.008	-0.018	0.042	0.029	-0.051	-0.070	-0.043	-0.034	0.002	-0.030	-0.055	0.114	0.060	0.090	-0.054	-0.077	-0.041	-0.052	-0.055	-0.039	-0.022	-0.012	-0.006	-0.029	-0.042	1.000	0.014	0.040	0.064	-0.035	-0.021	-0.034	-0.052	-0.021
87	0.021	0.006	0.032	0.020	0.008	0.032	-0.002	0.100	-0.052	0.035	0.004	0.022	0.022	0.095	0.078	-0.033	-0.103	0.004	-0.029	-0.031	0.073	-0.060	0.004	-0.019	-0.054	-0.007	0.020	0.194	0.114	-0.042	0.016	-0.037	0.153	0.002	0.015	-0.138	0.040	0.045	-0.005	-0.054	-0.042	-0.095	-0.049	-0.081	-0.038	-0.081	-0.092	-0.016	0.020	-0.027	-0.059	0.040	0.132	0.045	-0.090	-0.057	-0.061	0.016	-0.061	0.015	-0.028	-0.058	-0.057	-0.004	0.041	-0.093	0.089	-0.040	-0.010	0.115	0.101	-0.012	0.059	0.097	-0.048	0.019	-0.043	-0.055	0.026	-0.021	0.014	1.000	0.159	-0.020	-0.021	0.012	-0.041	-0.082	-0.072
9	-0.130	-0.001	-0.097	-0.081	0.036	-0.163	-0.020	-0.071	-0.069	0.028	0.057	0.005	-0.081	-0.005	-0.016	-0.165	-0.048	-0.052	-0.044	-0.009	0.006	-0.123	-0.060	-0.043	-0.028	-0.092	-0.150	0.014	-0.021	-0.020	-0.092	0.051	-0.047	-0.062	0.035	-0.068	-0.136	0.094	-0.101	-0.077	-0.040	0.005	-0.122	-0.041	-0.008	-0.026	-0.114	-0.033	-0.089	-0.051	0.044	-0.030	0.082	-0.007	-0.046	-0.098	-0.023	-0.076	-0.060	0.019	-0.040	-0.076	-0.068	0.136	-0.073	-0.230	-0.014	-0.066	-0.047	-0.058	-0.107	-0.063	-0.030	-0.031	-0.067	-0.159	-0.038	-0.038	0.022	-0.089	0.040	0.159	1.000	0.054	-0.014	-0.035	0.006	-0.091	-0.074
90	-0.042	-0.020	-0.041	0.035	-0.008	-0.029	-0.075	0.409	-0.020	-0.001	-0.002	0.222	-0.030	-0.017	-0.036	-0.018	-0.010	0.104	-0.017	-0.026	-0.056	-0.038	-0.035	-0.021	-0.020	-0.001	-0.035	-0.042	-0.048	0.022	0.043	0.122	0.142	0.010	-0.008	-0.052	-0.033	0.036	-0.050	-0.044	0.449	0.004	0.016	-0.012	0.003	-0.024	-0.074	-0.053	-0.019	-0.019	-0.035	-0.039	-0.038	-0.055	0.008	0.002	-0.037	0.027	0.034	-0.038	-0.046	-0.046	-0.024	0.011	0.073	-0.051	-0.057	-0.042	-0.039	-0.006	-0.004	-0.039	0.057	-0.055	-0.047	0.060	-0.009	-0.054	-0.030	-0.026	0.064	-0.020	0.054	1.000	-0.015	-0.026	0.002	0.005	-0.034
92	0.071	-0.011	-0.043	0.005	-0.042	0.052	0.027	-0.030	-0.056	-0.016	-0.041	0.029	0.137	-0.035	-0.025	-0.025	0.007	0.033	0.554	-0.011	0.182	-0.053	-0.035	0.111	-0.025	-0.023	-0.019	0.041	-0.094	-0.026	-0.007	-0.015	-0.083	-0.025	0.075	-0.033	0.050	-0.044	-0.052	0.010	-0.031	0.004	-0.004	-0.001	0.080	-0.033	0.037	-0.052	-0.011	-0.005	-0.006	-0.114	-0.051	-0.024	-0.001	0.168	-0.016	-0.127	-0.006	-0.062	-0.074	-0.016	-0.020	-0.005	0.003	-0.024	0.065	-0.030	-0.017	-0.052	0.047	-0.078	-0.027	-0.008	-0.031	-0.063	-0.040	0.124	0.052	-0.044	-0.035	-0.021	-0.014	-0.015	1.000	-0.024	-0.051	-0.054	-0.052
94	-0.041	-0.005	0.042	-0.065	0.130	-0.059	-0.021	-0.016	-0.049	-0.038	-0.048	-0.044	-0.052	-0.022	-0.041	-0.060	-0.048	-0.080	-0.018	-0.040	0.036	-0.031	-0.040	-0.017	0.028	-0.022	0.065	-0.006	-0.025	-0.009	0.052	-0.005	-0.040	-0.000	0.130	0.030	0.000	0.026	0.021	0.103	-0.036	-0.081	0.018	-0.036	-0.026	-0.048	-0.081	-0.032	-0.025	-0.024	-0.048	-0.073	-0.029	0.047	-0.052	-0.033	0.022	-0.090	-0.027	-0.028	-0.022	-0.034	-0.031	-0.010	-0.074	-0.036	-0.037	-0.027	0.108	0.055	-0.045	-0.056	0.279	-0.059	0.244	-0.029	-0.029	-0.056	-0.037	-0.026	-0.021	0.012	-0.035	-0.026	-0.024	1.000	-0.021	-0.054	-0.025
95	0.082	-0.036	-0.042	-0.003	0.069	-0.111	-0.083	0.059	-0.068	0.119	0.006	-0.016	0.012	-0.017	0.022	-0.023	-0.037	0.129	-0.025	-0.024	0.055	-0.034	0.055	-0.025	-0.037	-0.025	-0.049	0.065	-0.019	-0.019	0.037	-0.011	0.045	-0.037	-0.067	-0.076	0.115	0.042	0.054	0.045	0.036	-0.042	0.113	0.035	0.031	-0.012	0.014	0.093	-0.047	-0.015	0.072	0.119	-0.023	0.021	-0.014	0.017	-0.022	-0.057	0.007	0.062	0.005	0.129	0.018	0.029	0.041	-0.097	-0.023	-0.081	0.037	-0.027	-0.055	0.110	-0.049	0.062	0.011	0.009	-0.012	-0.097	0.012	0.036	-0.034	-0.041	0.006	0.002	-0.051	-0.021	1.000	0.172	0.104
97	0.043	0.041	0.004	-0.061	-0.048	0.013	-0.042	-0.004	0.031	-0.011	-0.005	0.292	-0.041	-0.059	0.005	0.054	-0.037	0.010	-0.043	0.110	0.044	-0.005	0.007	-0.007	-0.035	-0.034	0.106	-0.008	-0.053	-0.008	-0.036	-0.015	-0.011	0.123	-0.067	-0.085	-0.032	0.014	0.091	0.513	0.173	0.018	-0.002	0.126	-0.002	0.052	0.115	0.074	-0.006	0.068	0.153	-0.031	-0.073	-0.024	-0.055	0.024	-0.030	0.075	0.046	0.220	0.082	0.022	0.048	-0.014	0.011	-0.106	-0.035	0.044	-0.042	0.107	-0.065	-0.001	-0.032	-0.063	0.031	-0.006	0.081	-0.011	-0.071	0.088	-0.052	-0.082	-0.091	0.005	-0.054	-0.054	0.172	1.000	0.156
99	-0.014	-0.019	0.013	0.160	-0.006	0.018	-0.066	0.007	-0.038	-0.007	0.047	-0.014	0.086	-0.049	0.012	-0.076	0.072	0.043	-0.022	0.017	0.016	0.072	-0.057	-0.039	0.357	-0.019	0.019	-0.048	0.092	-0.013	-0.007	-0.108	-0.098	-0.018	-0.005	0.051	0.131	0.005	-0.025	-0.036	-0.023	-0.019	-0.022	-0.051	-0.001	-0.008	-0.031	-0.079	-0.007	-0.032	0.259	0.075	-0.069	-0.034	0.032	0.192	0.338	-0.022	-0.050	-0.081	-0.018	-0.045	-0.062	0.026	0.118	-0.042	0.026	-0.027	-0.065	0.029	0.076	0.065	-0.014	0.031	0.065	0.111	-0.014	-0.131	-0.019	0.211	-0.021	-0.072	-0.074	-0.034	-0.052	-0.025	0.104	0.156	1.000