OTU_id	10	102	106	108	109	11	110	113	120	124	126	127	13	134	138	139	14	140	141	146	149	15	152	158	159	16	172	175	18	180	19	190	2	20	204	21	22	220	228	23	239	24	25	250	26	28	29	310	32	320	334	342	35	36	38	39	4	48	50	52	54	55	56	6	60	65	66	68	7	71	73	74	75	76	78	79	8	80	81	83	87	9	92	94	95	96	98	99
10	1.000	-0.001	-0.080	0.204	-0.044	-0.007	-0.042	0.101	-0.044	0.087	-0.023	-0.008	-0.062	-0.008	-0.020	0.091	0.149	0.097	-0.044	-0.040	-0.032	-0.021	-0.027	-0.049	0.077	0.025	0.022	0.118	-0.053	-0.070	0.028	0.009	0.106	-0.035	-0.047	-0.068	0.007	-0.040	-0.007	-0.043	0.107	-0.040	-0.031	-0.016	-0.053	0.092	-0.062	0.084	-0.020	0.025	0.002	-0.034	0.061	-0.013	0.057	-0.066	0.050	-0.052	0.060	-0.044	-0.025	-0.088	-0.105	0.073	-0.069	0.041	-0.053	-0.005	-0.067	0.003	0.022	-0.073	0.055	0.056	-0.007	-0.012	-0.010	-0.033	-0.019	-0.031	-0.034	0.073	-0.049	0.208	0.130	-0.027	-0.071	-0.003
102	-0.001	1.000	0.013	0.021	0.024	-0.072	-0.038	-0.060	-0.062	0.090	0.014	-0.030	0.103	-0.047	-0.027	-0.015	-0.001	0.014	0.210	-0.039	-0.051	0.069	0.015	-0.054	0.062	-0.118	0.132	0.038	-0.070	0.080	-0.028	-0.058	-0.008	-0.010	-0.059	0.033	0.052	-0.003	0.030	-0.085	-0.015	0.058	0.017	-0.035	-0.005	0.088	-0.024	-0.006	0.153	-0.036	0.160	-0.022	-0.015	-0.066	0.017	-0.002	0.039	-0.070	0.048	-0.008	0.017	-0.082	0.048	-0.102	-0.007	-0.085	0.246	0.053	-0.028	-0.007	-0.020	0.026	-0.022	-0.050	-0.055	-0.039	-0.062	-0.024	-0.064	-0.030	-0.029	-0.020	-0.021	-0.086	-0.018	0.016	0.037	-0.014
106	-0.080	0.013	1.000	-0.089	0.003	-0.014	-0.027	0.022	-0.023	0.088	-0.029	0.121	-0.069	-0.047	-0.020	-0.048	-0.055	-0.039	-0.038	-0.018	0.031	-0.036	0.148	0.012	0.038	-0.060	-0.063	-0.083	0.024	0.025	0.059	0.004	0.016	-0.051	0.134	0.051	0.057	-0.048	-0.015	-0.030	-0.043	-0.073	-0.018	-0.016	0.010	-0.034	0.011	-0.039	0.052	0.144	-0.032	-0.001	-0.019	-0.095	0.021	0.002	-0.075	0.018	0.028	0.015	0.002	0.046	0.067	0.002	-0.043	-0.059	0.226	-0.030	-0.065	0.025	-0.040	-0.038	-0.054	-0.033	0.061	0.012	0.007	-0.024	-0.072	-0.005	-0.010	0.093	-0.081	0.039	-0.061	-0.012	-0.025	-0.047
108	0.204	0.021	-0.089	1.000	0.072	-0.078	-0.077	-0.002	0.018	0.005	-0.031	-0.091	0.007	0.000	0.101	-0.058	0.047	0.118	0.028	-0.025	-0.049	0.135	-0.034	-0.029	-0.054	0.176	-0.103	0.048	-0.072	-0.031	-0.000	-0.040	-0.129	0.121	0.003	-0.043	0.047	0.058	0.017	-0.077	-0.000	-0.073	-0.071	-0.009	-0.004	-0.103	-0.083	-0.037	0.021	0.002	-0.056	-0.025	-0.054	-0.074	-0.029	-0.049	-0.015	-0.009	-0.067	-0.040	-0.009	-0.073	-0.022	0.076	0.020	-0.077	-0.050	0.034	-0.027	-0.029	-0.023	-0.026	0.239	-0.002	-0.046	0.020	-0.058	-0.032	0.000	0.014	-0.003	-0.059	-0.024	0.200	0.001	0.026	-0.039	0.085
109	-0.044	0.024	0.003	0.072	1.000	-0.054	0.208	0.118	-0.066	0.087	0.021	0.162	0.009	0.053	0.046	0.048	0.024	-0.031	-0.016	-0.010	0.067	0.045	0.011	-0.051	-0.041	-0.039	-0.016	0.198	0.045	0.023	0.009	0.016	-0.087	0.004	0.043	-0.127	0.018	0.052	0.085	0.026	0.019	0.063	0.091	-0.061	-0.011	-0.012	0.034	-0.044	0.029	0.002	-0.010	-0.040	0.003	-0.037	0.097	0.011	-0.073	0.021	0.130	0.026	-0.036	0.017	-0.048	0.056	-0.066	-0.062	0.045	0.044	0.002	-0.088	0.118	0.027	0.004	0.182	0.037	0.020	-0.061	0.272	0.046	0.010	-0.069	0.044	0.000	0.029	-0.008	0.011	-0.092	-0.051
11	-0.007	-0.072	-0.014	-0.078	-0.054	1.000	-0.037	0.010	-0.024	-0.053	-0.007	0.058	-0.008	0.059	-0.051	0.004	0.068	0.005	-0.052	0.195	0.179	0.017	0.002	0.087	0.050	0.144	0.017	-0.016	0.001	-0.045	0.068	-0.062	-0.049	-0.014	-0.055	-0.034	-0.026	-0.016	0.013	-0.099	-0.060	-0.039	0.003	0.093	-0.056	-0.063	-0.058	-0.010	0.009	-0.052	-0.027	0.183	0.095	-0.062	-0.052	0.040	-0.056	0.014	-0.040	-0.024	-0.054	0.107	-0.098	0.095	0.067	-0.016	-0.052	0.000	-0.009	-0.005	0.029	0.134	-0.065	0.101	0.047	0.033	0.025	-0.010	0.048	-0.023	-0.044	-0.072	-0.047	0.086	-0.081	-0.007	-0.045	-0.016
110	-0.042	-0.038	-0.027	-0.077	0.208	-0.037	1.000	-0.073	-0.024	-0.072	-0.055	0.000	0.005	-0.063	-0.040	-0.036	0.162	-0.059	-0.008	-0.047	-0.030	0.125	-0.059	-0.012	-0.018	-0.084	0.008	0.153	0.057	0.013	-0.036	-0.069	-0.028	0.004	0.403	-0.105	-0.036	-0.005	0.186	0.014	0.018	-0.012	-0.053	0.025	0.016	0.055	-0.058	0.110	0.019	-0.023	-0.055	0.073	-0.052	0.108	0.041	-0.031	-0.096	0.079	0.113	-0.035	-0.086	0.014	-0.040	0.071	-0.065	-0.062	0.020	0.067	-0.010	-0.035	0.268	0.104	-0.074	0.067	-0.003	-0.014	0.001	0.367	-0.071	0.117	-0.058	0.036	0.069	-0.051	0.076	-0.013	-0.040	0.004
113	0.101	-0.060	0.022	-0.002	0.118	0.010	-0.073	1.000	-0.029	-0.051	0.109	0.081	-0.094	-0.008	0.013	-0.036	0.065	0.059	-0.069	0.075	0.036	-0.009	-0.057	-0.063	0.013	-0.022	-0.026	0.020	-0.014	-0.062	0.045	0.035	-0.040	-0.040	-0.048	-0.052	0.063	0.116	0.079	-0.007	0.038	0.164	-0.002	-0.003	-0.087	0.093	0.003	-0.032	0.043	0.041	0.080	-0.028	-0.075	-0.048	0.015	0.038	0.051	-0.036	0.171	0.125	-0.025	-0.075	-0.047	0.018	-0.098	-0.092	-0.025	0.104	-0.032	-0.058	0.140	-0.034	0.027	0.166	-0.060	-0.026	-0.063	0.022	-0.083	-0.027	-0.003	-0.039	0.165	-0.031	-0.055	-0.030	-0.011	-0.043
120	-0.044	-0.062	-0.023	0.018	-0.066	-0.024	-0.024	-0.029	1.000	-0.127	0.046	-0.090	0.121	0.042	0.095	-0.047	-0.065	0.028	-0.028	0.109	-0.074	-0.047	0.052	0.309	0.147	-0.036	-0.019	0.051	-0.106	0.195	-0.073	-0.007	-0.095	0.119	0.020	-0.152	0.101	0.038	0.017	0.041	-0.041	-0.039	0.091	0.048	0.020	-0.051	0.106	-0.058	0.035	0.013	0.073	-0.001	0.027	0.067	0.094	0.020	0.094	0.077	-0.016	-0.065	0.016	0.021	-0.004	-0.042	-0.032	0.251	-0.045	-0.089	0.006	-0.024	-0.096	-0.021	-0.023	0.014	0.162	0.244	0.044	-0.052	-0.056	0.077	-0.084	-0.054	0.029	0.167	-0.042	-0.071	-0.077	-0.101
124	0.087	0.090	0.088	0.005	0.087	-0.053	-0.072	-0.051	-0.127	1.000	0.176	0.074	0.080	-0.031	-0.016	-0.026	-0.054	0.062	0.055	-0.049	0.142	0.028	0.205	-0.033	-0.119	0.000	0.011	0.033	-0.050	-0.084	0.072	0.003	-0.008	-0.061	-0.010	-0.030	-0.084	0.053	-0.054	-0.006	0.087	-0.034	0.021	-0.059	-0.026	0.045	0.049	-0.007	-0.100	0.358	0.020	0.093	-0.025	-0.030	0.000	0.102	-0.095	-0.062	0.096	0.124	-0.007	-0.033	0.043	0.080	-0.055	-0.033	-0.020	0.018	-0.028	-0.004	-0.063	-0.012	-0.044	0.066	0.033	-0.079	-0.065	-0.018	0.039	-0.002	0.245	0.057	-0.044	-0.059	-0.000	0.325	-0.103	0.049
126	-0.023	0.014	-0.029	-0.031	0.021	-0.007	-0.055	0.109	0.046	0.176	1.000	-0.074	0.026	-0.023	-0.011	-0.020	-0.011	0.087	0.125	-0.018	0.069	-0.045	-0.029	0.183	0.026	-0.090	-0.078	-0.008	0.012	0.186	-0.019	-0.051	0.004	-0.008	-0.014	-0.070	-0.074	-0.051	-0.053	0.011	0.033	-0.092	-0.034	-0.033	-0.004	-0.017	0.026	-0.010	0.104	0.057	-0.036	0.012	-0.026	-0.057	-0.035	0.092	-0.024	-0.001	-0.080	0.036	-0.023	0.007	0.014	-0.020	0.033	0.083	-0.048	-0.006	0.022	-0.032	-0.065	-0.024	-0.071	0.146	-0.032	-0.007	-0.008	-0.018	-0.031	-0.044	-0.024	0.016	0.020	-0.023	-0.030	0.282	-0.032	0.216
127	-0.008	-0.030	0.121	-0.091	0.162	0.058	0.000	0.081	-0.090	0.074	-0.074	1.000	0.009	-0.033	0.147	0.085	0.056	-0.024	0.017	-0.060	-0.036	0.031	-0.024	0.015	0.024	0.047	0.091	-0.004	-0.024	0.001	-0.001	0.067	-0.011	-0.058	-0.079	-0.062	-0.032	0.088	0.014	-0.101	-0.035	-0.013	0.176	-0.002	0.136	-0.033	-0.034	-0.045	-0.018	0.085	-0.035	0.085	-0.070	0.063	0.009	-0.062	0.113	0.106	0.140	0.145	0.001	0.019	0.010	0.063	-0.038	0.041	-0.145	0.070	0.067	-0.059	0.041	0.164	-0.011	-0.026	-0.048	-0.074	-0.093	-0.030	0.086	-0.012	0.079	-0.033	-0.032	0.199	-0.031	-0.008	0.002	-0.092
13	-0.062	0.103	-0.069	0.007	0.009	-0.008	0.005	-0.094	0.121	0.080	0.026	0.009	1.000	0.100	-0.025	0.131	-0.081	-0.010	0.136	0.025	0.053	0.047	0.033	0.081	-0.077	-0.107	0.089	-0.010	0.001	0.011	-0.046	-0.083	-0.072	-0.058	0.030	-0.066	-0.017	0.151	-0.084	0.006	-0.021	0.074	0.032	-0.031	0.003	0.026	0.058	-0.024	0.015	0.013	0.011	0.038	-0.024	-0.013	0.002	-0.061	-0.035	0.372	-0.056	-0.043	0.078	0.106	-0.041	-0.077	-0.079	0.116	0.015	-0.013	-0.036	-0.053	0.024	-0.042	0.091	0.026	0.188	0.052	0.086	-0.040	0.033	0.177	0.123	-0.057	0.023	0.044	-0.052	-0.038	-0.067	-0.106
134	-0.008	-0.047	-0.047	0.000	0.053	0.059	-0.063	-0.008	0.042	-0.031	-0.023	-0.033	0.100	1.000	-0.029	0.030	-0.054	0.017	-0.063	-0.028	-0.027	-0.099	0.001	0.278	-0.044	-0.035	0.015	-0.034	0.013	-0.024	0.047	-0.029	-0.033	-0.020	-0.025	-0.071	0.006	-0.050	-0.059	0.031	-0.008	0.074	-0.072	0.038	0.035	0.029	0.221	0.118	-0.033	-0.022	-0.002	-0.023	0.088	0.080	0.011	-0.013	-0.001	-0.034	-0.000	-0.024	-0.010	0.015	-0.103	-0.050	-0.008	-0.020	-0.048	0.068	-0.011	0.018	-0.024	-0.054	0.061	-0.050	0.026	-0.001	-0.064	-0.026	0.608	-0.020	-0.058	-0.040	-0.036	-0.036	-0.035	-0.044	0.046	-0.068
138	-0.020	-0.027	-0.020	0.101	0.046	-0.051	-0.040	0.013	0.095	-0.016	-0.011	0.147	-0.025	-0.029	1.000	-0.037	0.028	0.253	-0.038	0.007	-0.045	0.052	-0.009	-0.012	-0.023	-0.055	-0.044	-0.022	-0.060	-0.035	-0.079	-0.030	-0.074	0.001	-0.034	-0.085	-0.001	-0.014	-0.032	-0.083	-0.009	-0.043	-0.075	0.049	-0.037	-0.017	-0.034	0.010	0.001	0.073	-0.012	-0.009	-0.008	0.024	-0.019	-0.048	-0.018	0.162	0.100	0.198	0.001	0.125	0.019	0.013	-0.047	0.116	-0.059	-0.022	0.108	-0.034	-0.011	-0.014	-0.028	0.120	0.031	0.029	0.101	-0.028	0.156	0.007	0.028	-0.015	0.103	0.025	0.021	-0.029	-0.037	-0.016
139	0.091	-0.015	-0.048	-0.058	0.048	0.004	-0.036	-0.036	-0.047	-0.026	-0.020	0.085	0.131	0.030	-0.037	1.000	-0.043	-0.036	-0.037	-0.022	-0.028	-0.091	-0.034	0.007	-0.050	-0.060	0.260	-0.039	0.117	-0.042	0.023	-0.048	0.157	-0.008	0.038	-0.106	-0.032	-0.020	-0.046	-0.043	-0.042	-0.023	0.004	-0.006	-0.047	0.176	-0.026	-0.047	0.079	-0.040	-0.019	-0.020	0.011	-0.018	0.100	-0.026	0.005	-0.044	-0.011	-0.026	0.035	0.028	-0.024	-0.072	-0.037	0.168	-0.049	0.015	-0.032	-0.035	0.031	-0.013	-0.039	0.068	0.052	-0.047	-0.010	-0.008	0.012	-0.028	-0.023	0.017	-0.018	-0.055	-0.067	-0.019	0.045	-0.039
14	0.149	-0.001	-0.055	0.047	0.024	0.068	0.162	0.065	-0.065	-0.054	-0.011	0.056	-0.081	-0.054	0.028	-0.043	1.000	-0.002	-0.031	-0.040	0.025	-0.069	-0.072	-0.045	-0.004	0.005	0.029	0.089	0.169	-0.025	0.064	-0.002	-0.088	-0.015	-0.052	-0.032	-0.030	-0.089	0.148	-0.124	0.104	0.062	-0.094	0.079	0.012	-0.019	0.052	0.082	0.017	-0.065	-0.029	0.032	-0.026	-0.009	-0.099	-0.123	-0.020	0.065	0.051	0.092	-0.057	-0.073	-0.016	0.234	0.049	-0.088	0.045	0.045	-0.023	-0.036	0.259	-0.105	0.084	0.038	0.072	0.233	0.075	0.071	-0.019	-0.029	-0.021	-0.049	0.026	-0.043	0.009	0.032	0.205	-0.025
140	0.097	0.014	-0.039	0.118	-0.031	0.005	-0.059	0.059	0.028	0.062	0.087	-0.024	-0.010	0.017	0.253	-0.036	-0.002	1.000	0.040	-0.030	-0.010	0.001	-0.050	-0.019	-0.034	-0.059	0.034	0.048	0.012	-0.047	-0.026	-0.057	-0.048	0.046	-0.011	0.012	0.038	-0.019	-0.048	-0.099	-0.041	-0.035	-0.056	-0.047	-0.030	-0.018	-0.026	0.127	-0.023	-0.054	0.006	0.012	0.048	-0.082	-0.050	0.010	-0.073	0.024	0.127	-0.031	0.068	0.031	-0.006	0.078	-0.061	0.114	-0.008	-0.003	-0.028	-0.041	-0.075	-0.008	0.275	0.059	-0.097	-0.030	0.062	-0.007	0.040	0.080	-0.034	0.126	0.023	0.070	0.020	0.023	-0.069	0.027
141	-0.044	0.210	-0.038	0.028	-0.016	-0.052	-0.008	-0.069	-0.028	0.055	0.125	0.017	0.136	-0.063	-0.038	-0.037	-0.031	0.040	1.000	-0.028	-0.019	0.041	-0.059	-0.036	0.031	-0.030	0.035	0.035	-0.093	0.026	-0.024	-0.011	-0.100	-0.028	-0.023	0.018	-0.023	-0.026	-0.072	-0.061	-0.056	-0.045	0.111	-0.041	-0.038	-0.000	-0.085	0.033	0.144	0.036	0.247	-0.022	0.028	-0.022	-0.033	-0.051	-0.052	-0.037	0.017	-0.050	0.004	-0.032	0.098	-0.042	-0.063	-0.078	-0.061	-0.075	0.022	-0.037	0.006	0.051	0.162	0.277	0.029	-0.031	-0.037	-0.008	0.009	-0.037	0.053	0.051	0.074	-0.073	-0.048	0.038	0.022	0.054
146	-0.040	-0.039	-0.018	-0.025	-0.010	0.195	-0.047	0.075	0.109	-0.049	-0.018	-0.060	0.025	-0.028	0.007	-0.022	-0.040	-0.030	-0.028	1.000	-0.037	-0.065	-0.032	0.118	-0.037	0.076	0.081	-0.003	-0.060	-0.018	-0.044	-0.043	-0.024	-0.041	0.084	0.038	-0.029	-0.041	-0.019	-0.052	-0.035	-0.008	0.066	-0.019	-0.034	0.009	-0.059	-0.040	-0.059	-0.043	-0.034	-0.037	-0.024	-0.053	-0.043	-0.048	-0.045	0.039	0.047	-0.006	-0.017	0.006	-0.066	-0.050	-0.030	0.005	-0.043	-0.045	-0.043	0.004	-0.026	-0.019	0.100	-0.044	0.453	-0.034	0.085	-0.012	-0.030	-0.019	0.004	0.041	0.099	0.081	-0.033	-0.016	-0.012	0.101
149	-0.032	-0.051	0.031	-0.049	0.067	0.179	-0.030	0.036	-0.074	0.142	0.069	-0.036	0.053	-0.027	-0.045	-0.028	0.025	-0.010	-0.019	-0.037	1.000	-0.010	-0.028	-0.043	-0.052	-0.013	0.034	0.120	0.140	-0.046	-0.023	0.010	-0.088	-0.027	-0.012	0.011	0.003	-0.059	-0.017	0.027	-0.040	-0.014	-0.011	-0.006	-0.052	0.018	-0.070	-0.043	-0.043	-0.044	-0.003	0.137	-0.064	-0.053	0.040	0.056	-0.019	0.040	0.014	-0.015	0.083	0.011	0.005	0.089	-0.006	0.004	-0.058	-0.015	-0.074	0.161	0.113	-0.044	-0.046	0.118	-0.088	-0.079	-0.066	-0.032	0.048	-0.050	0.157	0.109	-0.021	0.066	-0.056	0.051	-0.062	0.022
15	-0.021	0.069	-0.036	0.135	0.045	0.017	0.125	-0.009	-0.047	0.028	-0.045	0.031	0.047	-0.099	0.052	-0.091	-0.069	0.001	0.041	-0.065	-0.010	1.000	0.013	-0.027	-0.046	-0.106	0.052	-0.098	-0.073	-0.125	-0.059	0.011	-0.192	0.015	0.069	-0.069	-0.111	0.116	0.023	-0.182	-0.039	-0.108	-0.009	0.112	0.054	0.021	-0.113	-0.038	-0.072	-0.022	0.002	0.013	-0.095	-0.085	-0.049	-0.047	-0.044	0.117	-0.014	-0.071	-0.008	0.034	-0.081	-0.054	-0.050	0.002	-0.040	-0.118	-0.084	-0.021	-0.045	0.096	0.106	-0.064	-0.042	-0.011	-0.066	0.168	-0.143	-0.107	0.029	-0.068	0.084	0.105	0.003	0.121	0.038	-0.054
152	-0.027	0.015	0.148	-0.034	0.011	0.002	-0.059	-0.057	0.052	0.205	-0.029	-0.024	0.033	0.001	-0.009	-0.034	-0.072	-0.050	-0.059	-0.032	-0.028	0.013	1.000	0.012	-0.031	-0.011	0.025	0.056	-0.030	-0.027	-0.018	-0.012	-0.038	0.001	-0.009	0.024	-0.061	0.010	-0.016	0.031	0.216	-0.024	-0.086	-0.039	0.157	-0.009	0.044	-0.070	-0.043	-0.024	0.064	0.008	0.027	-0.059	-0.025	-0.026	-0.038	0.085	0.123	-0.010	0.144	0.000	0.002	-0.040	-0.031	-0.039	-0.000	0.047	-0.025	0.041	-0.022	-0.024	0.022	0.013	0.209	0.079	-0.003	-0.015	-0.037	-0.019	-0.038	0.039	0.016	0.029	0.251	0.027	-0.040	-0.082
158	-0.049	-0.054	0.012	-0.029	-0.051	0.087	-0.012	-0.063	0.309	-0.033	0.183	0.015	0.081	0.278	-0.012	0.007	-0.045	-0.019	-0.036	0.118	-0.043	-0.027	0.012	1.000	0.144	0.035	0.070	0.079	-0.040	0.400	0.059	-0.043	-0.118	-0.060	0.090	-0.043	-0.034	-0.019	-0.038	-0.072	-0.035	-0.067	-0.002	-0.024	0.151	-0.024	0.090	0.031	-0.001	0.017	-0.001	0.045	-0.033	-0.028	-0.001	0.179	-0.011	0.032	-0.026	-0.072	0.039	0.027	-0.086	0.018	-0.008	0.381	-0.019	-0.008	0.010	-0.015	-0.037	-0.000	-0.010	-0.055	0.087	0.101	0.001	-0.010	0.192	-0.036	-0.038	-0.085	0.057	0.041	-0.012	-0.009	0.135	0.000
159	0.077	0.062	0.038	-0.054	-0.041	0.050	-0.018	0.013	0.147	-0.119	0.026	0.024	-0.077	-0.044	-0.023	-0.050	-0.004	-0.034	0.031	-0.037	-0.052	-0.046	-0.031	0.144	1.000	-0.082	0.111	-0.063	-0.044	0.230	-0.077	0.046	-0.028	-0.051	-0.022	-0.015	0.014	-0.080	-0.038	0.134	-0.036	0.018	-0.041	-0.025	0.050	-0.010	0.014	0.227	0.050	0.030	-0.009	0.086	0.035	-0.102	-0.062	0.075	0.055	0.025	-0.001	0.085	-0.039	-0.012	-0.072	-0.033	-0.022	0.081	0.075	-0.086	0.024	-0.056	-0.073	0.026	-0.080	0.023	0.011	-0.011	-0.084	-0.022	-0.054	-0.067	-0.053	0.092	-0.086	0.081	0.088	-0.092	0.080	-0.086
16	0.025	-0.118	-0.060	0.176	-0.039	0.144	-0.084	-0.022	-0.036	0.000	-0.090	0.047	-0.107	-0.035	-0.055	-0.060	0.005	-0.059	-0.030	0.076	-0.013	-0.106	-0.011	0.035	-0.082	1.000	-0.050	-0.055	-0.048	-0.015	0.064	0.017	-0.112	-0.067	-0.057	-0.139	-0.079	0.125	-0.038	-0.051	0.120	0.097	-0.010	0.035	-0.106	-0.066	0.031	-0.045	-0.118	-0.114	-0.023	0.007	-0.115	-0.109	-0.063	0.085	0.002	-0.111	-0.027	-0.031	0.060	-0.052	0.052	-0.030	0.176	0.039	-0.034	0.045	-0.003	-0.066	-0.080	0.036	-0.029	-0.086	0.013	-0.050	-0.060	-0.045	0.105	0.005	-0.107	-0.062	-0.057	0.133	-0.086	-0.060	0.037	-0.006
172	0.022	0.132	-0.063	-0.103	-0.016	0.017	0.008	-0.026	-0.019	0.011	-0.078	0.091	0.089	0.015	-0.044	0.260	0.029	0.034	0.035	0.081	0.034	0.052	0.025	0.070	0.111	-0.050	1.000	-0.087	-0.042	-0.104	-0.012	-0.009	-0.002	-0.049	0.070	0.059	-0.059	-0.028	0.021	-0.117	0.087	-0.029	0.054	0.066	-0.020	0.133	-0.065	0.033	-0.023	-0.011	0.048	-0.001	-0.009	-0.092	-0.013	0.025	-0.060	0.011	0.037	0.091	0.149	0.100	-0.042	-0.006	0.029	0.082	-0.061	-0.042	-0.046	0.155	0.068	-0.008	0.134	-0.047	-0.011	-0.033	0.117	-0.035	-0.037	-0.027	-0.043	0.098	-0.004	-0.019	-0.055	-0.069	0.095	-0.008
175	0.118	0.038	-0.083	0.048	0.198	-0.016	0.153	0.020	0.051	0.033	-0.008	-0.004	-0.010	-0.034	-0.022	-0.039	0.089	0.048	0.035	-0.003	0.120	-0.098	0.056	0.079	-0.063	-0.055	-0.087	1.000	0.171	0.052	-0.029	0.085	0.029	-0.076	-0.004	-0.085	-0.029	-0.054	0.002	-0.025	-0.006	-0.010	-0.104	-0.038	-0.007	-0.029	-0.058	0.012	0.110	-0.018	0.073	-0.013	-0.033	0.013	0.093	-0.053	0.056	-0.032	0.045	-0.063	-0.040	0.019	-0.032	0.038	-0.023	0.013	-0.070	0.009	-0.002	-0.065	0.101	0.082	-0.016	0.008	0.055	-0.028	-0.055	0.306	0.020	0.067	-0.081	0.015	0.008	0.006	-0.021	0.020	-0.051	-0.044
18	-0.053	-0.070	0.024	-0.072	0.045	0.001	0.057	-0.014	-0.106	-0.050	0.012	-0.024	0.001	0.013	-0.060	0.117	0.169	0.012	-0.093	-0.060	0.140	-0.073	-0.030	-0.040	-0.044	-0.048	-0.042	0.171	1.000	-0.026	-0.076	0.025	-0.065	-0.003	0.041	-0.033	0.000	-0.161	0.054	-0.112	-0.017	0.040	-0.155	-0.093	0.079	-0.015	0.024	-0.028	-0.069	-0.034	-0.109	-0.027	-0.027	-0.092	0.081	-0.054	-0.068	-0.114	-0.030	-0.119	-0.109	0.015	0.010	-0.067	-0.005	-0.095	0.070	-0.001	0.006	-0.064	0.145	-0.016	-0.021	0.016	-0.123	-0.065	-0.053	-0.045	0.069	-0.097	0.013	-0.052	-0.080	0.030	-0.030	0.001	-0.005	-0.016
180	-0.070	0.080	0.025	-0.031	0.023	-0.045	0.013	-0.062	0.195	-0.084	0.186	0.001	0.011	-0.024	-0.035	-0.042	-0.025	-0.047	0.026	-0.018	-0.046	-0.125	-0.027	0.400	0.230	-0.015	-0.104	0.052	-0.026	1.000	0.021	-0.017	-0.043	0.079	-0.052	0.040	-0.057	-0.085	-0.052	-0.026	-0.008	-0.013	0.141	0.004	0.183	-0.092	0.123	0.073	0.056	-0.062	-0.008	0.079	0.049	-0.076	0.003	0.068	-0.002	-0.006	-0.099	0.081	-0.034	-0.037	-0.093	-0.040	-0.051	0.248	-0.028	-0.098	-0.038	-0.003	-0.044	-0.003	-0.073	-0.051	-0.014	0.009	0.003	0.032	0.045	-0.006	-0.005	-0.022	0.034	0.051	0.004	0.048	0.034	0.078
19	0.028	-0.028	0.059	-0.000	0.009	0.068	-0.036	0.045	-0.073	0.072	-0.019	-0.001	-0.046	0.047	-0.079	0.023	0.064	-0.026	-0.024	-0.044	-0.023	-0.059	-0.018	0.059	-0.077	0.064	-0.012	-0.029	-0.076	0.021	1.000	0.071	-0.011	-0.056	0.162	-0.134	-0.015	0.010	-0.034	-0.116	-0.073	0.096	-0.004	-0.042	-0.028	-0.050	-0.058	-0.043	0.102	-0.098	0.033	-0.012	0.029	0.002	-0.095	0.401	-0.024	-0.022	-0.053	0.077	-0.061	-0.058	-0.072	0.061	-0.064	-0.079	0.060	-0.065	-0.036	-0.022	0.016	0.033	-0.027	-0.051	-0.059	0.035	-0.036	0.047	-0.026	0.001	-0.085	-0.014	-0.026	-0.079	0.043	-0.082	0.120	0.008
190	0.009	-0.058	0.004	-0.040	0.016	-0.062	-0.069	0.035	-0.007	0.003	-0.051	0.067	-0.083	-0.029	-0.030	-0.048	-0.002	-0.057	-0.011	-0.043	0.010	0.011	-0.012	-0.043	0.046	0.017	-0.009	0.085	0.025	-0.017	0.071	1.000	-0.040	0.160	-0.015	-0.086	-0.009	-0.017	0.162	-0.061	0.016	0.052	-0.056	0.045	0.096	0.040	-0.017	-0.066	-0.031	-0.049	0.032	0.022	-0.054	-0.040	-0.017	-0.063	-0.061	-0.026	0.124	0.130	-0.052	0.004	0.065	-0.044	-0.050	-0.048	0.010	-0.029	0.139	0.034	0.066	-0.064	-0.003	0.018	0.054	-0.063	-0.006	-0.017	0.024	-0.009	-0.005	0.029	0.005	0.015	-0.058	-0.034	-0.069	0.050
2	0.106	-0.008	0.016	-0.129	-0.087	-0.049	-0.028	-0.040	-0.095	-0.008	0.004	-0.011	-0.072	-0.033	-0.074	0.157	-0.088	-0.048	-0.100	-0.024	-0.088	-0.192	-0.038	-0.118	-0.028	-0.112	-0.002	0.029	-0.065	-0.043	-0.011	-0.040	1.000	-0.119	-0.090	-0.197	-0.048	-0.091	-0.027	-0.067	0.120	-0.009	-0.062	0.047	-0.011	0.006	-0.108	-0.081	-0.031	0.037	-0.030	-0.088	-0.014	-0.007	0.064	-0.024	-0.125	-0.096	-0.079	-0.012	0.080	-0.043	-0.100	0.016	0.118	0.003	0.008	-0.024	-0.074	0.053	-0.073	-0.073	-0.114	-0.074	-0.209	-0.108	-0.098	-0.053	-0.079	-0.032	-0.077	-0.041	-0.115	0.021	-0.012	0.036	-0.126	-0.124
20	-0.035	-0.010	-0.051	0.121	0.004	-0.014	0.004	-0.040	0.119	-0.061	-0.008	-0.058	-0.058	-0.020	0.001	-0.008	-0.015	0.046	-0.028	-0.041	-0.027	0.015	0.001	-0.060	-0.051	-0.067	-0.049	-0.076	-0.003	0.079	-0.056	0.160	-0.119	1.000	-0.026	-0.112	0.011	0.088	0.206	-0.084	0.010	-0.059	0.106	0.052	-0.010	-0.022	0.066	-0.086	-0.055	-0.076	-0.072	-0.018	-0.041	-0.062	0.008	-0.008	-0.074	-0.008	-0.024	0.057	-0.051	-0.076	0.036	0.008	-0.065	-0.051	0.078	-0.102	0.011	0.035	0.035	-0.053	0.003	-0.026	-0.082	-0.008	0.079	-0.030	-0.032	0.090	-0.055	-0.069	0.049	-0.014	-0.043	-0.061	-0.064	0.072
204	-0.047	-0.059	0.134	0.003	0.043	-0.055	0.403	-0.048	0.020	-0.010	-0.014	-0.079	0.030	-0.025	-0.034	0.038	-0.052	-0.011	-0.023	0.084	-0.012	0.069	-0.009	0.090	-0.022	-0.057	0.070	-0.004	0.041	-0.052	0.162	-0.015	-0.090	-0.026	1.000	-0.036	-0.078	0.000	-0.030	0.006	-0.049	0.020	0.031	-0.038	-0.039	0.031	-0.003	0.012	-0.012	-0.011	0.007	-0.042	-0.023	-0.025	-0.003	0.028	0.025	-0.001	-0.011	-0.032	-0.030	0.004	-0.017	0.033	-0.041	-0.073	0.188	-0.058	-0.055	-0.052	0.044	0.218	0.018	0.015	0.031	-0.042	0.009	0.104	-0.040	0.086	-0.051	0.091	0.028	0.028	-0.060	-0.023	-0.004	-0.043
21	-0.068	0.033	0.051	-0.043	-0.127	-0.034	-0.105	-0.052	-0.152	-0.030	-0.070	-0.062	-0.066	-0.071	-0.085	-0.106	-0.032	0.012	0.018	0.038	0.011	-0.069	0.024	-0.043	-0.015	-0.139	0.059	-0.085	-0.033	0.040	-0.134	-0.086	-0.197	-0.112	-0.036	1.000	0.001	-0.117	-0.082	-0.168	-0.107	-0.069	0.101	-0.020	-0.029	0.058	-0.092	0.080	-0.111	-0.068	0.045	-0.059	0.093	-0.018	-0.062	-0.078	0.013	-0.050	0.030	-0.040	0.062	-0.058	0.026	-0.069	-0.041	-0.004	-0.065	-0.133	-0.074	0.063	-0.052	-0.011	0.061	-0.008	-0.035	-0.030	-0.116	-0.047	-0.065	-0.070	-0.058	-0.081	-0.066	-0.150	0.037	-0.023	-0.028	0.038
22	0.007	0.052	0.057	0.047	0.018	-0.026	-0.036	0.063	0.101	-0.084	-0.074	-0.032	-0.017	0.006	-0.001	-0.032	-0.030	0.038	-0.023	-0.029	0.003	-0.111	-0.061	-0.034	0.014	-0.079	-0.059	-0.029	0.000	-0.057	-0.015	-0.009	-0.048	0.011	-0.078	0.001	1.000	0.068	0.002	-0.054	0.059	-0.032	0.023	0.040	-0.053	0.005	0.009	-0.092	-0.088	-0.006	0.086	0.004	-0.059	-0.024	0.111	-0.056	-0.057	-0.046	-0.010	-0.059	0.004	-0.016	-0.057	-0.120	-0.129	0.048	-0.074	-0.056	-0.045	-0.018	0.092	0.113	-0.008	0.018	-0.047	-0.081	-0.018	0.001	-0.054	-0.034	-0.049	-0.043	-0.106	0.074	-0.043	-0.042	-0.036	-0.005
220	-0.040	-0.003	-0.048	0.058	0.052	-0.016	-0.005	0.116	0.038	0.053	-0.051	0.088	0.151	-0.050	-0.014	-0.020	-0.089	-0.019	-0.026	-0.041	-0.059	0.116	0.010	-0.019	-0.080	0.125	-0.028	-0.054	-0.161	-0.085	0.010	-0.017	-0.091	0.088	0.000	-0.117	0.068	1.000	0.006	0.097	-0.035	0.183	0.123	-0.063	-0.052	-0.039	-0.083	-0.011	-0.040	-0.022	-0.072	-0.038	-0.060	-0.045	0.025	-0.022	0.008	0.179	-0.034	-0.018	-0.005	-0.035	-0.033	-0.037	-0.025	0.014	0.018	0.015	-0.051	-0.057	-0.028	-0.046	0.074	0.014	0.037	0.012	-0.039	-0.016	0.011	0.190	0.073	-0.056	-0.009	-0.063	-0.018	-0.055	-0.033	-0.048
228	-0.007	0.030	-0.015	0.017	0.085	0.013	0.186	0.079	0.017	-0.054	-0.053	0.014	-0.084	-0.059	-0.032	-0.046	0.148	-0.048	-0.072	-0.019	-0.017	0.023	-0.016	-0.038	-0.038	-0.038	0.021	0.002	0.054	-0.052	-0.034	0.162	-0.027	0.206	-0.030	-0.082	0.002	0.006	1.000	-0.084	-0.015	-0.026	0.038	-0.023	-0.052	0.005	-0.086	0.070	-0.062	0.022	-0.008	-0.027	-0.059	0.089	-0.016	-0.009	0.127	-0.062	-0.025	-0.099	-0.023	-0.036	-0.068	-0.031	0.149	-0.035	0.173	0.020	0.038	-0.035	0.304	0.059	0.026	0.074	-0.120	-0.025	-0.033	-0.006	-0.024	-0.029	-0.000	0.032	0.110	-0.011	0.006	-0.020	-0.053	-0.058
23	-0.043	-0.085	-0.030	-0.077	0.026	-0.099	0.014	-0.007	0.041	-0.006	0.011	-0.101	0.006	0.031	-0.083	-0.043	-0.124	-0.099	-0.061	-0.052	0.027	-0.182	0.031	-0.072	0.134	-0.051	-0.117	-0.025	-0.112	-0.026	-0.116	-0.061	-0.067	-0.084	0.006	-0.168	-0.054	0.097	-0.084	1.000	-0.019	-0.002	-0.091	-0.074	-0.009	-0.062	0.049	-0.012	-0.014	0.016	-0.088	0.057	0.024	-0.047	-0.005	0.059	-0.002	-0.042	-0.096	-0.044	-0.091	-0.047	0.092	0.004	-0.035	-0.054	0.071	0.230	-0.083	-0.068	-0.064	-0.084	-0.128	-0.018	0.091	0.064	-0.078	-0.060	-0.041	0.123	-0.018	-0.013	-0.011	-0.085	0.031	-0.054	-0.044	-0.050
239	0.107	-0.015	-0.043	-0.000	0.019	-0.060	0.018	0.038	-0.041	0.087	0.033	-0.035	-0.021	-0.008	-0.009	-0.042	0.104	-0.041	-0.056	-0.035	-0.040	-0.039	0.216	-0.035	-0.036	0.120	0.087	-0.006	-0.017	-0.008	-0.073	0.016	0.120	0.010	-0.049	-0.107	0.059	-0.035	-0.015	-0.019	1.000	-0.041	-0.080	0.042	-0.024	0.008	0.043	-0.051	-0.054	-0.014	0.021	0.061	-0.051	-0.075	-0.062	-0.022	-0.059	-0.019	0.061	0.147	0.034	-0.087	-0.082	-0.027	-0.047	-0.063	-0.039	0.040	0.020	0.066	0.047	-0.053	0.039	-0.007	0.065	-0.039	0.120	-0.034	-0.026	-0.008	-0.092	-0.022	-0.019	0.083	0.108	0.024	-0.041	-0.022
24	-0.040	0.058	-0.073	-0.073	0.063	-0.039	-0.012	0.164	-0.039	-0.034	-0.092	-0.013	0.074	0.074	-0.043	-0.023	0.062	-0.035	-0.045	-0.008	-0.014	-0.108	-0.024	-0.067	0.018	0.097	-0.029	-0.010	0.040	-0.013	0.096	0.052	-0.009	-0.059	0.020	-0.069	-0.032	0.183	-0.026	-0.002	-0.041	1.000	0.083	-0.020	0.073	0.044	-0.019	0.018	-0.057	0.016	-0.024	-0.021	-0.107	-0.055	0.006	0.072	-0.066	-0.032	0.057	0.117	-0.018	-0.031	0.056	-0.080	-0.097	-0.080	0.087	0.115	0.055	-0.005	0.071	-0.060	-0.016	-0.020	-0.059	-0.074	-0.119	-0.051	0.041	0.078	0.113	-0.103	-0.028	-0.027	-0.067	-0.095	0.038	-0.061
25	-0.031	0.017	-0.018	-0.071	0.091	0.003	-0.053	-0.002	0.091	0.021	-0.034	0.176	0.032	-0.072	-0.075	0.004	-0.094	-0.056	0.111	0.066	-0.011	-0.009	-0.086	-0.002	-0.041	-0.010	0.054	-0.104	-0.155	0.141	-0.004	-0.056	-0.062	0.106	0.031	0.101	0.023	0.123	0.038	-0.091	-0.080	0.083	1.000	0.068	-0.032	-0.064	0.041	0.000	-0.049	-0.016	0.022	-0.008	-0.026	0.021	-0.023	-0.039	0.162	-0.044	-0.022	0.044	-0.003	-0.039	-0.042	0.008	-0.036	0.195	-0.045	0.025	-0.018	-0.057	-0.009	-0.040	0.041	0.058	-0.019	0.052	0.017	-0.024	-0.096	0.038	-0.075	-0.108	-0.022	0.047	-0.071	0.006	-0.027	0.108
250	-0.016	-0.035	-0.016	-0.009	-0.061	0.093	0.025	-0.003	0.048	-0.059	-0.033	-0.002	-0.031	0.038	0.049	-0.006	0.079	-0.047	-0.041	-0.019	-0.006	0.112	-0.039	-0.024	-0.025	0.035	0.066	-0.038	-0.093	0.004	-0.042	0.045	0.047	0.052	-0.038	-0.020	0.040	-0.063	-0.023	-0.074	0.042	-0.020	0.068	1.000	0.042	-0.080	-0.019	-0.026	-0.043	-0.006	-0.021	0.063	-0.039	-0.072	-0.073	-0.068	0.080	-0.044	-0.044	-0.011	-0.047	0.010	-0.014	-0.032	-0.002	-0.041	-0.031	-0.045	0.037	0.265	0.010	-0.029	-0.021	-0.048	-0.050	0.008	-0.039	-0.024	-0.002	-0.003	-0.051	-0.081	-0.003	-0.060	-0.045	-0.051	0.059	-0.068
26	-0.053	-0.005	0.010	-0.004	-0.011	-0.056	0.016	-0.087	0.020	-0.026	-0.004	0.136	0.003	0.035	-0.037	-0.047	0.012	-0.030	-0.038	-0.034	-0.052	0.054	0.157	0.151	0.050	-0.106	-0.020	-0.007	0.079	0.183	-0.028	0.096	-0.011	-0.010	-0.039	-0.029	-0.053	-0.052	-0.052	-0.009	-0.024	0.073	-0.032	0.042	1.000	0.003	0.135	0.027	0.019	-0.071	-0.050	0.079	-0.015	-0.069	0.002	-0.001	-0.045	0.060	0.007	0.222	-0.034	-0.007	-0.035	-0.035	-0.012	0.032	-0.011	0.199	-0.078	0.022	-0.012	-0.059	-0.087	-0.075	-0.027	-0.001	-0.055	-0.024	-0.015	-0.040	0.124	0.064	-0.052	0.114	0.115	0.067	-0.069	-0.037
28	0.092	0.088	-0.034	-0.103	-0.012	-0.063	0.055	0.093	-0.051	0.045	-0.017	-0.033	0.026	0.029	-0.017	0.176	-0.019	-0.018	-0.000	0.009	0.018	0.021	-0.009	-0.024	-0.010	-0.066	0.133	-0.029	-0.015	-0.092	-0.050	0.040	0.006	-0.022	0.031	0.058	0.005	-0.039	0.005	-0.062	0.008	0.044	-0.064	-0.080	0.003	1.000	-0.057	0.019	-0.102	-0.026	0.193	0.079	0.018	0.095	0.068	0.014	-0.056	-0.063	0.050	0.053	0.151	-0.034	0.009	-0.099	-0.076	-0.098	0.111	-0.001	0.001	0.042	0.127	0.052	0.010	0.030	-0.043	-0.062	-0.019	0.015	0.009	-0.034	0.108	0.011	-0.056	-0.118	0.004	0.117	-0.024	0.063
29	-0.062	-0.024	0.011	-0.083	0.034	-0.058	-0.058	0.003	0.106	0.049	0.026	-0.034	0.058	0.221	-0.034	-0.026	0.052	-0.026	-0.085	-0.059	-0.070	-0.113	0.044	0.090	0.014	0.031	-0.065	-0.058	0.024	0.123	-0.058	-0.017	-0.108	0.066	-0.003	-0.092	0.009	-0.083	-0.086	0.049	0.043	-0.019	0.041	-0.019	0.135	-0.057	1.000	0.025	-0.076	-0.003	-0.019	0.082	-0.066	-0.011	-0.049	-0.054	0.091	0.011	0.082	0.148	0.039	-0.095	-0.024	-0.007	-0.039	0.050	-0.078	0.168	-0.021	0.008	-0.037	-0.087	-0.045	0.015	-0.039	0.081	0.003	-0.045	0.101	-0.030	0.014	-0.106	0.047	0.000	0.018	-0.020	0.075	-0.004
310	0.084	-0.006	-0.039	-0.037	-0.044	-0.010	0.110	-0.032	-0.058	-0.007	-0.010	-0.045	-0.024	0.118	0.010	-0.047	0.082	0.127	0.033	-0.040	-0.043	-0.038	-0.070	0.031	0.227	-0.045	0.033	0.012	-0.028	0.073	-0.043	-0.066	-0.081	-0.086	0.012	0.080	-0.092	-0.011	0.070	-0.012	-0.051	0.018	0.000	-0.026	0.027	0.019	0.025	1.000	0.252	-0.052	0.018	-0.056	0.072	-0.059	-0.103	-0.002	0.007	0.059	0.040	0.009	-0.059	-0.055	-0.022	-0.030	0.090	-0.000	0.033	0.042	-0.038	-0.046	0.053	-0.099	-0.032	-0.080	-0.039	-0.077	0.068	-0.010	0.149	-0.033	-0.040	0.099	-0.037	-0.068	0.089	0.076	-0.023	0.025
32	-0.020	0.153	0.052	0.021	0.029	0.009	0.019	0.043	0.035	-0.100	0.104	-0.018	0.015	-0.033	0.001	0.079	0.017	-0.023	0.144	-0.059	-0.043	-0.072	-0.043	-0.001	0.050	-0.118	-0.023	0.110	-0.069	0.056	0.102	-0.031	-0.031	-0.055	-0.012	-0.111	-0.088	-0.040	-0.062	-0.014	-0.054	-0.057	-0.049	-0.043	0.019	-0.102	-0.076	0.252	1.000	-0.007	0.041	-0.047	0.023	-0.070	-0.027	-0.076	-0.080	0.026	0.009	0.010	-0.033	0.093	0.083	0.032	-0.064	0.025	0.204	0.055	0.013	-0.112	-0.005	0.045	0.032	0.023	0.032	-0.054	0.123	0.015	0.020	0.029	-0.102	-0.036	-0.058	-0.119	-0.004	-0.094	-0.083	0.060
320	0.025	-0.036	0.144	0.002	0.002	-0.052	-0.023	0.041	0.013	0.358	0.057	0.085	0.013	-0.022	0.073	-0.040	-0.065	-0.054	0.036	-0.043	-0.044	-0.022	-0.024	0.017	0.030	-0.114	-0.011	-0.018	-0.034	-0.062	-0.098	-0.049	0.037	-0.076	-0.011	-0.068	-0.006	-0.022	0.022	0.016	-0.014	0.016	-0.016	-0.006	-0.071	-0.026	-0.003	-0.052	-0.007	1.000	-0.052	-0.048	-0.046	-0.030	-0.005	-0.090	-0.047	0.011	-0.004	0.069	-0.036	0.060	0.056	0.012	-0.025	-0.063	-0.018	0.071	0.161	-0.046	-0.026	0.048	-0.037	0.070	0.079	-0.060	-0.008	0.024	0.104	-0.005	0.303	0.014	-0.017	-0.021	-0.054	-0.022	-0.055	-0.051
334	0.002	0.160	-0.032	-0.056	-0.010	-0.027	-0.055	0.080	0.073	0.020	-0.036	-0.035	0.011	-0.002	-0.012	-0.019	-0.029	0.006	0.247	-0.034	-0.003	0.002	0.064	-0.001	-0.009	-0.023	0.048	0.073	-0.109	-0.008	0.033	0.032	-0.030	-0.072	0.007	0.045	0.086	-0.072	-0.008	-0.088	0.021	-0.024	0.022	-0.021	-0.050	0.193	-0.019	0.018	0.041	-0.052	1.000	-0.043	0.079	0.085	0.105	-0.009	0.020	-0.073	0.012	0.024	0.160	-0.061	-0.074	-0.049	-0.032	0.021	0.027	-0.016	0.078	0.054	-0.052	0.440	0.061	0.099	-0.087	0.180	0.009	-0.009	0.006	0.078	-0.053	-0.097	-0.052	-0.045	0.049	-0.068	-0.031	-0.001
342	-0.034	-0.022	-0.001	-0.025	-0.040	0.183	0.073	-0.028	-0.001	0.093	0.012	0.085	0.038	-0.023	-0.009	-0.020	0.032	0.012	-0.022	-0.037	0.137	0.013	0.008	0.045	0.086	0.007	-0.001	-0.013	-0.027	0.079	-0.012	0.022	-0.088	-0.018	-0.042	-0.059	0.004	-0.038	-0.027	0.057	0.061	-0.021	-0.008	0.063	0.079	0.079	0.082	-0.056	-0.047	-0.048	-0.043	1.000	-0.027	0.137	0.005	0.069	-0.017	0.060	-0.081	0.100	-0.029	-0.077	0.020	-0.063	0.006	0.017	-0.014	0.345	-0.032	0.001	-0.066	0.141	-0.007	0.271	0.072	0.006	-0.041	-0.009	-0.030	-0.021	0.049	-0.061	0.002	0.028	-0.025	0.119	0.032	0.083
35	0.061	-0.015	-0.019	-0.054	0.003	0.095	-0.052	-0.075	0.027	-0.025	-0.026	-0.070	-0.024	0.088	-0.008	0.011	-0.026	0.048	0.028	-0.024	-0.064	-0.095	0.027	-0.033	0.035	-0.115	-0.009	-0.033	-0.027	0.049	0.029	-0.054	-0.014	-0.041	-0.023	0.093	-0.059	-0.060	-0.059	0.024	-0.051	-0.107	-0.026	-0.039	-0.015	0.018	-0.066	0.072	0.023	-0.046	0.079	-0.027	1.000	0.064	-0.033	-0.049	-0.046	-0.027	0.043	0.008	-0.025	0.094	-0.103	-0.021	-0.018	-0.016	-0.058	-0.038	-0.041	-0.052	-0.069	-0.028	-0.006	-0.066	0.036	0.161	-0.028	-0.019	-0.024	-0.002	-0.032	0.192	-0.038	-0.068	-0.050	0.011	-0.041	-0.055
36	-0.013	-0.066	-0.095	-0.074	-0.037	-0.062	0.108	-0.048	0.067	-0.030	-0.057	0.063	-0.013	0.080	0.024	-0.018	-0.009	-0.082	-0.022	-0.053	-0.053	-0.085	-0.059	-0.028	-0.102	-0.109	-0.092	0.013	-0.092	-0.076	0.002	-0.040	-0.007	-0.062	-0.025	-0.018	-0.024	-0.045	0.089	-0.047	-0.075	-0.055	0.021	-0.072	-0.069	0.095	-0.011	-0.059	-0.070	-0.030	0.085	0.137	0.064	1.000	0.075	-0.021	0.103	0.099	-0.081	-0.123	-0.035	-0.017	0.071	0.068	-0.041	-0.005	-0.017	0.117	0.002	0.069	0.035	0.040	-0.036	0.097	0.087	0.022	0.018	-0.046	0.028	0.008	0.084	-0.021	-0.031	-0.021	0.173	-0.026	0.093	0.159
38	0.057	0.017	0.021	-0.029	0.097	-0.052	0.041	0.015	0.094	0.000	-0.035	0.009	0.002	0.011	-0.019	0.100	-0.099	-0.050	-0.033	-0.043	0.040	-0.049	-0.025	-0.001	-0.062	-0.063	-0.013	0.093	0.081	0.003	-0.095	-0.017	0.064	0.008	-0.003	-0.062	0.111	0.025	-0.016	-0.005	-0.062	0.006	-0.023	-0.073	0.002	0.068	-0.049	-0.103	-0.027	-0.005	0.105	0.005	-0.033	0.075	1.000	-0.045	-0.022	-0.016	0.078	0.007	0.015	0.001	0.058	0.069	-0.087	-0.003	0.053	-0.092	-0.011	-0.002	0.082	0.061	-0.035	-0.016	-0.040	-0.027	0.019	-0.054	-0.019	-0.022	-0.081	-0.022	0.005	0.113	-0.100	0.128	-0.095	-0.023
39	-0.066	-0.002	0.002	-0.049	0.011	0.040	-0.031	0.038	0.020	0.102	0.092	-0.062	-0.061	-0.013	-0.048	-0.026	-0.123	0.010	-0.051	-0.048	0.056	-0.047	-0.026	0.179	0.075	0.085	0.025	-0.053	-0.054	0.068	0.401	-0.063	-0.024	-0.008	0.028	-0.078	-0.056	-0.022	-0.009	0.059	-0.022	0.072	-0.039	-0.068	-0.001	0.014	-0.054	-0.002	-0.076	-0.090	-0.009	0.069	-0.049	-0.021	-0.045	1.000	-0.053	-0.031	-0.068	0.085	0.002	-0.056	-0.050	0.023	-0.063	0.111	0.043	0.041	-0.001	-0.040	0.000	0.043	-0.062	-0.047	-0.058	0.015	-0.041	-0.036	-0.079	0.062	-0.034	-0.051	-0.027	0.010	-0.065	-0.001	0.020	0.072
4	0.050	0.039	-0.075	-0.015	-0.073	-0.056	-0.096	0.051	0.094	-0.095	-0.024	0.113	-0.035	-0.001	-0.018	0.005	-0.020	-0.073	-0.052	-0.045	-0.019	-0.044	-0.038	-0.011	0.055	0.002	-0.060	0.056	-0.068	-0.002	-0.024	-0.061	-0.125	-0.074	0.025	0.013	-0.057	0.008	0.127	-0.002	-0.059	-0.066	0.162	0.080	-0.045	-0.056	0.091	0.007	-0.080	-0.047	0.020	-0.017	-0.046	0.103	-0.022	-0.053	1.000	-0.057	-0.043	-0.045	-0.029	-0.007	-0.045	-0.015	0.203	-0.036	-0.018	-0.045	-0.039	0.006	-0.123	-0.006	-0.037	0.057	-0.022	0.019	-0.068	-0.043	-0.046	0.021	-0.089	-0.155	-0.044	-0.039	0.156	-0.037	0.060	-0.008
48	-0.052	-0.070	0.018	-0.009	0.021	0.014	0.079	-0.036	0.077	-0.062	-0.001	0.106	0.372	-0.034	0.162	-0.044	0.065	0.024	-0.037	0.039	0.040	0.117	0.085	0.032	0.025	-0.111	0.011	-0.032	-0.114	-0.006	-0.022	-0.026	-0.096	-0.008	-0.001	-0.050	-0.046	0.179	-0.062	-0.042	-0.019	-0.032	-0.044	-0.044	0.060	-0.063	0.011	0.059	0.026	0.011	-0.073	0.060	-0.027	0.099	-0.016	-0.031	-0.057	1.000	0.062	0.024	0.002	0.122	-0.045	0.135	-0.062	0.172	-0.015	-0.033	-0.080	-0.030	0.048	-0.052	0.124	-0.021	0.155	0.200	0.056	0.017	-0.038	0.147	-0.048	0.088	0.272	-0.032	0.098	-0.081	0.110	-0.088
50	0.060	0.048	0.028	-0.067	0.130	-0.040	0.113	0.171	-0.016	0.096	-0.080	0.140	-0.056	-0.000	0.100	-0.011	0.051	0.127	0.017	0.047	0.014	-0.014	0.123	-0.026	-0.001	-0.027	0.037	0.045	-0.030	-0.099	-0.053	0.124	-0.079	-0.024	-0.011	0.030	-0.010	-0.034	-0.025	-0.096	0.061	0.057	-0.022	-0.044	0.007	0.050	0.082	0.040	0.009	-0.004	0.012	-0.081	0.043	-0.081	0.078	-0.068	-0.043	0.062	1.000	0.036	0.138	-0.066	-0.035	0.071	-0.063	-0.055	-0.060	-0.034	-0.005	-0.030	0.316	-0.035	0.044	0.006	0.056	-0.050	-0.024	-0.060	0.067	-0.031	-0.033	0.123	0.034	0.005	0.079	0.073	-0.047	0.028
52	-0.044	-0.008	0.015	-0.040	0.026	-0.024	-0.035	0.125	-0.065	0.124	0.036	0.145	-0.043	-0.024	0.198	-0.026	0.092	-0.031	-0.050	-0.006	-0.015	-0.071	-0.010	-0.072	0.085	-0.031	0.091	-0.063	-0.119	0.081	0.077	0.130	-0.012	0.057	-0.032	-0.040	-0.059	-0.018	-0.099	-0.044	0.147	0.117	0.044	-0.011	0.222	0.053	0.148	0.009	0.010	0.069	0.024	0.100	0.008	-0.123	0.007	0.085	-0.045	0.024	0.036	1.000	-0.057	-0.053	-0.095	-0.027	0.116	-0.048	-0.086	0.056	0.013	-0.078	-0.025	-0.094	0.040	0.068	-0.104	-0.082	0.046	0.109	-0.022	-0.010	0.086	-0.027	0.053	-0.037	-0.081	0.054	0.005	0.075
54	-0.025	0.017	0.002	-0.009	-0.036	-0.054	-0.086	-0.025	0.016	-0.007	-0.023	0.001	0.078	-0.010	0.001	0.035	-0.057	0.068	0.004	-0.017	0.083	-0.008	0.144	0.039	-0.039	0.060	0.149	-0.040	-0.109	-0.034	-0.061	-0.052	0.080	-0.051	-0.030	0.062	0.004	-0.005	-0.023	-0.091	0.034	-0.018	-0.003	-0.047	-0.034	0.151	0.039	-0.059	-0.033	-0.036	0.160	-0.029	-0.025	-0.035	0.015	0.002	-0.029	0.002	0.138	-0.057	1.000	0.077	-0.005	-0.050	-0.057	0.026	-0.033	-0.034	-0.057	0.241	-0.072	0.026	-0.001	-0.045	-0.056	0.029	-0.026	-0.034	0.040	-0.008	0.052	0.008	-0.032	-0.071	0.074	-0.090	0.122	0.166
55	-0.088	-0.082	0.046	-0.073	0.017	0.107	0.014	-0.075	0.021	-0.033	0.007	0.019	0.106	0.015	0.125	0.028	-0.073	0.031	-0.032	0.006	0.011	0.034	0.000	0.027	-0.012	-0.052	0.100	0.019	0.015	-0.037	-0.058	0.004	-0.043	-0.076	0.004	-0.058	-0.016	-0.035	-0.036	-0.047	-0.087	-0.031	-0.039	0.010	-0.007	-0.034	-0.095	-0.055	0.093	0.060	-0.061	-0.077	0.094	-0.017	0.001	-0.056	-0.007	0.122	-0.066	-0.053	0.077	1.000	0.053	-0.014	-0.015	-0.086	0.046	-0.060	0.023	-0.038	-0.111	0.033	0.007	-0.033	0.006	-0.074	0.085	0.054	-0.054	0.074	0.125	-0.009	-0.008	-0.048	-0.069	-0.072	0.033	-0.001
56	-0.105	0.048	0.067	-0.022	-0.048	-0.098	-0.040	-0.047	-0.004	0.043	0.014	0.010	-0.041	-0.103	0.019	-0.024	-0.016	-0.006	0.098	-0.066	0.005	-0.081	0.002	-0.086	-0.072	0.052	-0.042	-0.032	0.010	-0.093	-0.072	0.065	-0.100	0.036	-0.017	0.026	-0.057	-0.033	-0.068	0.092	-0.082	0.056	-0.042	-0.014	-0.035	0.009	-0.024	-0.022	0.083	0.056	-0.074	0.020	-0.103	0.071	0.058	-0.050	-0.045	-0.045	-0.035	-0.095	-0.005	0.053	1.000	-0.013	0.027	-0.098	-0.020	0.049	-0.086	0.049	-0.045	-0.014	-0.049	0.032	0.015	-0.114	-0.058	-0.037	-0.024	0.031	0.098	0.069	-0.074	-0.097	-0.079	0.032	-0.099	0.001
6	0.073	-0.102	0.002	0.076	0.056	0.095	0.071	0.018	-0.042	0.080	-0.020	0.063	-0.077	-0.050	0.013	-0.072	0.234	0.078	-0.042	-0.050	0.089	-0.054	-0.040	0.018	-0.033	-0.030	-0.006	0.038	-0.067	-0.040	0.061	-0.044	0.016	0.008	0.033	-0.069	-0.120	-0.037	-0.031	0.004	-0.027	-0.080	0.008	-0.032	-0.035	-0.099	-0.007	-0.030	0.032	0.012	-0.049	-0.063	-0.021	0.068	0.069	0.023	-0.015	0.135	0.071	-0.027	-0.050	-0.014	-0.013	1.000	-0.043	0.157	-0.055	-0.037	-0.049	-0.013	0.073	-0.055	0.001	-0.083	-0.056	0.196	0.048	0.156	-0.016	0.046	-0.016	0.069	0.075	0.028	0.040	-0.043	0.095	-0.017
60	-0.069	-0.007	-0.043	0.020	-0.066	0.067	-0.065	-0.098	-0.032	-0.055	0.033	-0.038	-0.079	-0.008	-0.047	-0.037	0.049	-0.061	-0.063	-0.030	-0.006	-0.050	-0.031	-0.008	-0.022	0.176	0.029	-0.023	-0.005	-0.051	-0.064	-0.050	0.118	-0.065	-0.041	-0.041	-0.129	-0.025	0.149	-0.035	-0.047	-0.097	-0.036	-0.002	-0.012	-0.076	-0.039	0.090	-0.064	-0.025	-0.032	0.006	-0.018	-0.041	-0.087	-0.063	0.203	-0.062	-0.063	0.116	-0.057	-0.015	0.027	-0.043	1.000	-0.058	0.016	-0.002	-0.026	-0.043	-0.063	-0.054	-0.041	-0.077	-0.057	-0.048	-0.007	-0.020	-0.019	-0.027	-0.060	-0.041	-0.023	-0.035	0.010	-0.040	0.011	-0.013
65	0.041	-0.085	-0.059	-0.077	-0.062	-0.016	-0.062	-0.092	0.251	-0.033	0.083	0.041	0.116	-0.020	0.116	0.168	-0.088	0.114	-0.078	0.005	0.004	0.002	-0.039	0.381	0.081	0.039	0.082	0.013	-0.095	0.248	-0.079	-0.048	0.003	-0.051	-0.073	-0.004	0.048	0.014	-0.035	-0.054	-0.063	-0.080	0.195	-0.041	0.032	-0.098	0.050	-0.000	0.025	-0.063	0.021	0.017	-0.016	-0.005	-0.003	0.111	-0.036	0.172	-0.055	-0.048	0.026	-0.086	-0.098	0.157	-0.058	1.000	-0.071	-0.013	-0.053	-0.061	-0.019	-0.028	0.068	-0.006	-0.028	0.098	0.019	0.015	0.017	-0.008	-0.070	0.018	0.043	0.067	-0.022	-0.063	0.028	-0.032
66	-0.053	0.246	0.226	-0.050	0.045	-0.052	0.020	-0.025	-0.045	-0.020	-0.048	-0.145	0.015	-0.048	-0.059	-0.049	0.045	-0.008	-0.061	-0.043	-0.058	-0.040	-0.000	-0.019	0.075	-0.034	-0.061	-0.070	0.070	-0.028	0.060	0.010	0.008	0.078	0.188	-0.065	-0.074	0.018	0.173	0.071	-0.039	0.087	-0.045	-0.031	-0.011	0.111	-0.078	0.033	0.204	-0.018	0.027	-0.014	-0.058	-0.017	0.053	0.043	-0.018	-0.015	-0.060	-0.086	-0.033	0.046	-0.020	-0.055	0.016	-0.071	1.000	0.035	-0.057	-0.012	-0.032	0.110	0.034	-0.061	-0.041	-0.051	-0.026	-0.027	-0.037	-0.000	0.009	-0.019	-0.058	-0.091	-0.045	-0.060	0.092	-0.081
68	-0.005	0.053	-0.030	0.034	0.044	0.000	0.067	0.104	-0.089	0.018	-0.006	0.070	-0.013	0.068	-0.022	0.015	0.045	-0.003	-0.075	-0.045	-0.015	-0.118	0.047	-0.008	-0.086	0.045	-0.042	0.009	-0.001	-0.098	-0.065	-0.029	-0.024	-0.102	-0.058	-0.133	-0.056	0.015	0.020	0.230	0.040	0.115	0.025	-0.045	0.199	-0.001	0.168	0.042	0.055	0.071	-0.016	0.345	-0.038	0.117	-0.092	0.041	-0.045	-0.033	-0.034	0.056	-0.034	-0.060	0.049	-0.037	-0.002	-0.013	0.035	1.000	0.041	-0.002	-0.027	-0.074	-0.060	0.167	0.091	-0.032	-0.022	-0.013	-0.008	-0.008	0.027	-0.060	-0.060	0.091	0.005	-0.028	-0.026	0.048
7	-0.067	-0.028	-0.065	-0.027	0.002	-0.009	-0.010	-0.032	0.006	-0.028	0.022	0.067	-0.036	-0.011	0.108	-0.032	-0.023	-0.028	0.022	-0.043	-0.074	-0.084	-0.025	0.010	0.024	-0.003	-0.046	-0.002	0.006	-0.038	-0.036	0.139	-0.074	0.011	-0.055	-0.074	-0.045	-0.051	0.038	-0.083	0.020	0.055	-0.018	0.037	-0.078	0.001	-0.021	-0.038	0.013	0.161	0.078	-0.032	-0.041	0.002	-0.011	-0.001	-0.039	-0.080	-0.005	0.013	-0.057	0.023	-0.086	-0.049	-0.026	-0.053	-0.057	0.041	1.000	0.027	0.015	0.064	-0.030	0.003	-0.019	0.020	0.019	0.027	-0.057	0.013	-0.022	-0.219	-0.039	-0.039	-0.000	-0.094	-0.087	0.051
71	0.003	-0.007	0.025	-0.029	-0.088	-0.005	-0.035	-0.058	-0.024	-0.004	-0.032	-0.059	-0.053	0.018	-0.034	-0.035	-0.036	-0.041	-0.037	0.004	0.161	-0.021	0.041	-0.015	-0.056	-0.066	0.155	-0.065	-0.064	-0.003	-0.022	0.034	0.053	0.035	-0.052	0.063	-0.018	-0.057	-0.035	-0.068	0.066	-0.005	-0.057	0.265	0.022	0.042	0.008	-0.046	-0.112	-0.046	0.054	0.001	-0.052	0.069	-0.002	-0.040	0.006	-0.030	-0.030	-0.078	0.241	-0.038	0.049	-0.013	-0.043	-0.061	-0.012	-0.002	0.027	1.000	0.016	-0.027	0.005	-0.042	-0.040	-0.033	0.188	-0.027	0.048	-0.017	-0.001	-0.057	0.005	-0.009	0.024	0.041	-0.022	0.098
73	0.022	-0.020	-0.040	-0.023	0.118	0.029	0.268	0.140	-0.096	-0.063	-0.065	0.041	0.024	-0.024	-0.011	0.031	0.259	-0.075	0.006	-0.026	0.113	-0.045	-0.022	-0.037	-0.073	-0.080	0.068	0.101	0.145	-0.044	0.016	0.066	-0.073	0.035	0.044	-0.052	0.092	-0.028	0.304	-0.064	0.047	0.071	-0.009	0.010	-0.012	0.127	-0.037	0.053	-0.005	-0.026	-0.052	-0.066	-0.069	0.035	0.082	0.000	-0.123	0.048	0.316	-0.025	-0.072	-0.111	-0.045	0.073	-0.063	-0.019	-0.032	-0.027	0.015	0.016	1.000	-0.018	-0.066	0.119	0.114	-0.085	0.101	-0.029	-0.005	-0.070	0.023	-0.030	0.099	-0.041	0.003	0.153	-0.024	0.006
74	-0.073	0.026	-0.038	-0.026	0.027	0.134	0.104	-0.034	-0.021	-0.012	-0.024	0.164	-0.042	-0.054	-0.014	-0.013	-0.105	-0.008	0.051	-0.019	-0.044	0.096	-0.024	-0.000	0.026	0.036	-0.008	0.082	-0.016	-0.003	0.033	-0.064	-0.073	-0.053	0.218	-0.011	0.113	-0.046	0.059	-0.084	-0.053	-0.060	-0.040	-0.029	-0.059	0.052	-0.087	-0.099	0.045	0.048	0.440	0.141	-0.028	0.040	0.061	0.043	-0.006	-0.052	-0.035	-0.094	0.026	0.033	-0.014	-0.055	-0.054	-0.028	0.110	-0.074	0.064	-0.027	-0.018	1.000	-0.019	0.002	-0.038	-0.078	-0.038	-0.028	0.092	-0.018	0.012	-0.009	-0.047	0.051	0.011	-0.021	-0.040	-0.042
75	0.055	-0.022	-0.054	0.239	0.004	-0.065	-0.074	0.027	-0.023	-0.044	-0.071	-0.011	0.091	0.061	-0.028	-0.039	0.084	0.275	0.162	0.100	-0.046	0.106	0.022	-0.010	-0.080	-0.029	0.134	-0.016	-0.021	-0.073	-0.027	-0.003	-0.114	0.003	0.018	0.061	-0.008	0.074	0.026	-0.128	0.039	-0.016	0.041	-0.021	-0.087	0.010	-0.045	-0.032	0.032	-0.037	0.061	-0.007	-0.006	-0.036	-0.035	-0.062	-0.037	0.124	0.044	0.040	-0.001	0.007	-0.049	0.001	-0.041	0.068	0.034	-0.060	-0.030	0.005	-0.066	-0.019	1.000	0.084	0.014	0.032	-0.010	-0.014	0.013	0.000	-0.003	-0.026	0.108	0.008	0.005	-0.063	0.035	-0.064
76	0.056	-0.050	-0.033	-0.002	0.182	0.101	0.067	0.166	0.014	0.066	0.146	-0.026	0.026	-0.050	0.120	0.068	0.038	0.059	0.277	-0.044	0.118	-0.064	0.013	-0.055	0.023	-0.086	-0.047	0.008	0.016	-0.051	-0.051	0.018	-0.074	-0.026	0.015	-0.008	0.018	0.014	0.074	-0.018	-0.007	-0.020	0.058	-0.048	-0.075	0.030	0.015	-0.080	0.023	0.070	0.099	0.271	-0.066	0.097	-0.016	-0.047	0.057	-0.021	0.006	0.068	-0.045	-0.033	0.032	-0.083	-0.077	-0.006	-0.061	0.167	0.003	-0.042	0.119	0.002	0.084	1.000	0.008	-0.081	-0.044	-0.052	-0.000	-0.046	-0.015	-0.029	0.028	-0.014	-0.001	0.167	-0.074	0.095
78	-0.007	-0.055	0.061	-0.046	0.037	0.047	-0.003	-0.060	0.162	0.033	-0.032	-0.048	0.188	0.026	0.031	0.052	0.072	-0.097	0.029	0.453	-0.088	-0.042	0.209	0.087	0.011	0.013	-0.011	0.055	-0.123	-0.014	-0.059	0.054	-0.209	-0.082	0.031	-0.035	-0.047	0.037	-0.120	0.091	0.065	-0.059	-0.019	-0.050	-0.027	-0.043	-0.039	-0.039	0.032	0.079	-0.087	0.072	0.036	0.087	-0.040	-0.058	-0.022	0.155	0.056	-0.104	-0.056	0.006	0.015	-0.056	-0.057	-0.028	-0.041	0.091	-0.019	-0.040	0.114	-0.038	0.014	0.008	1.000	0.017	0.127	-0.015	0.068	0.013	0.012	0.076	0.014	-0.031	-0.007	-0.013	-0.038	0.093
79	-0.012	-0.039	0.012	0.020	0.020	0.033	-0.014	-0.026	0.244	-0.079	-0.007	-0.074	0.052	-0.001	0.029	-0.047	0.233	-0.030	-0.031	-0.034	-0.079	-0.011	0.079	0.101	-0.011	-0.050	-0.033	-0.028	-0.065	0.009	0.035	-0.063	-0.108	-0.008	-0.042	-0.030	-0.081	0.012	-0.025	0.064	-0.039	-0.074	0.052	0.008	-0.001	-0.062	0.081	-0.077	-0.054	-0.060	0.180	0.006	0.161	0.022	-0.027	0.015	0.019	0.200	-0.050	-0.082	0.029	-0.074	-0.114	0.196	-0.048	0.098	-0.051	-0.032	0.020	-0.033	-0.085	-0.078	0.032	-0.081	0.017	1.000	0.114	-0.014	-0.056	0.026	-0.051	-0.069	0.090	-0.043	0.016	-0.080	0.091	-0.061
8	-0.010	-0.062	0.007	-0.058	-0.061	0.025	0.001	-0.063	0.044	-0.065	-0.008	-0.093	0.086	-0.064	0.101	-0.010	0.075	0.062	-0.037	0.085	-0.066	-0.066	-0.003	0.001	-0.084	-0.060	0.117	-0.055	-0.053	0.003	-0.036	-0.006	-0.098	0.079	0.009	-0.116	-0.018	-0.039	-0.033	-0.078	0.120	-0.119	0.017	-0.039	-0.055	-0.019	0.003	0.068	0.123	-0.008	0.009	-0.041	-0.028	0.018	0.019	-0.041	-0.068	0.056	-0.024	0.046	-0.026	0.085	-0.058	0.048	-0.007	0.019	-0.026	-0.022	0.019	0.188	0.101	-0.038	-0.010	-0.044	0.127	0.114	1.000	-0.040	-0.010	0.064	-0.052	-0.106	0.013	0.088	-0.063	-0.026	-0.038	0.029
80	-0.033	-0.024	-0.024	-0.032	0.272	-0.010	0.367	0.022	-0.052	-0.018	-0.018	-0.030	-0.040	-0.026	-0.028	-0.008	0.071	-0.007	-0.008	-0.012	-0.032	0.168	-0.015	-0.010	-0.022	-0.045	-0.035	0.306	-0.045	0.032	0.047	-0.017	-0.053	-0.030	0.104	-0.047	0.001	-0.016	-0.006	-0.060	-0.034	-0.051	-0.024	-0.024	-0.024	0.015	-0.045	-0.010	0.015	0.024	-0.009	-0.009	-0.019	-0.046	-0.054	-0.036	-0.043	0.017	-0.060	0.109	-0.034	0.054	-0.037	0.156	-0.020	0.015	-0.027	-0.013	0.027	-0.027	-0.029	-0.028	-0.014	-0.052	-0.015	-0.014	-0.040	1.000	-0.030	0.001	-0.046	0.024	0.065	-0.034	-0.007	-0.034	-0.019	-0.051
81	-0.019	-0.064	-0.072	0.000	0.046	0.048	-0.071	-0.083	-0.056	0.039	-0.031	0.086	0.033	0.608	0.156	0.012	-0.019	0.040	0.009	-0.030	0.048	-0.143	-0.037	0.192	-0.054	0.105	-0.037	0.020	0.069	0.045	-0.026	0.024	-0.079	-0.032	-0.040	-0.065	-0.054	0.011	-0.024	-0.041	-0.026	0.041	-0.096	-0.002	-0.015	0.009	0.101	0.149	0.020	0.104	0.006	-0.030	-0.024	0.028	-0.019	-0.079	-0.046	-0.038	0.067	-0.022	0.040	-0.054	-0.024	-0.016	-0.019	0.017	-0.037	-0.008	-0.057	0.048	-0.005	0.092	0.013	-0.000	0.068	-0.056	-0.010	-0.030	1.000	-0.034	0.112	0.007	-0.029	0.079	0.028	-0.047	-0.003	-0.023
83	-0.031	-0.030	-0.005	0.014	0.010	-0.023	0.117	-0.027	0.077	-0.002	-0.044	-0.012	0.177	-0.020	0.007	-0.028	-0.029	0.080	-0.037	-0.019	-0.050	-0.107	-0.019	-0.036	-0.067	0.005	-0.027	0.067	-0.097	-0.006	0.001	-0.009	-0.032	0.090	0.086	-0.070	-0.034	0.190	-0.029	0.123	-0.008	0.078	0.038	-0.003	-0.040	-0.034	-0.030	-0.033	0.029	-0.005	0.078	-0.021	-0.002	0.008	-0.022	0.062	0.021	0.147	-0.031	-0.010	-0.008	0.074	0.031	0.046	-0.027	-0.008	-0.000	-0.008	0.013	-0.017	-0.070	-0.018	0.000	-0.046	0.013	0.026	0.064	0.001	-0.034	1.000	-0.023	-0.045	-0.021	0.007	0.059	-0.011	-0.017	0.077
87	-0.034	-0.029	-0.010	-0.003	-0.069	-0.044	-0.058	-0.003	-0.084	0.245	-0.024	0.079	0.123	-0.058	0.028	-0.023	-0.021	-0.034	0.053	0.004	0.157	0.029	-0.038	-0.038	-0.053	-0.107	-0.043	-0.081	0.013	-0.005	-0.085	-0.005	-0.077	-0.055	-0.051	-0.058	-0.049	0.073	-0.000	-0.018	-0.092	0.113	-0.075	-0.051	0.124	0.108	0.014	-0.040	-0.102	0.303	-0.053	0.049	-0.032	0.084	-0.081	-0.034	-0.089	-0.048	-0.033	0.086	0.052	0.125	0.098	-0.016	-0.060	-0.070	0.009	0.027	-0.022	-0.001	0.023	0.012	-0.003	-0.015	0.012	-0.051	-0.052	-0.046	0.112	-0.023	1.000	0.069	0.047	0.044	-0.044	0.008	-0.041	0.063
9	0.073	-0.020	0.093	-0.059	0.044	-0.072	0.036	-0.039	-0.054	0.057	0.016	-0.033	-0.057	-0.040	-0.015	0.017	-0.049	0.126	0.051	0.041	0.109	-0.068	0.039	-0.085	0.092	-0.062	0.098	0.015	-0.052	-0.022	-0.014	0.029	-0.041	-0.069	0.091	-0.081	-0.043	-0.056	0.032	-0.013	-0.022	-0.103	-0.108	-0.081	0.064	0.011	-0.106	0.099	-0.036	0.014	-0.097	-0.061	0.192	-0.021	-0.022	-0.051	-0.155	0.088	0.123	-0.027	0.008	-0.009	0.069	0.069	-0.041	0.018	-0.019	-0.060	-0.219	-0.057	-0.030	-0.009	-0.026	-0.029	0.076	-0.069	-0.106	0.024	0.007	-0.045	0.069	1.000	0.085	-0.018	-0.054	0.045	0.040	-0.121
92	-0.049	-0.021	-0.081	-0.024	0.000	-0.047	0.069	0.165	0.029	-0.044	0.020	-0.032	0.023	-0.036	0.103	-0.018	0.026	0.023	0.074	0.099	-0.021	0.084	0.016	0.057	-0.086	-0.057	-0.004	0.008	-0.080	0.034	-0.026	0.005	-0.115	0.049	0.028	-0.066	-0.106	-0.009	0.110	-0.011	-0.019	-0.028	-0.022	-0.003	-0.052	-0.056	0.047	-0.037	-0.058	-0.017	-0.052	0.002	-0.038	-0.031	0.005	-0.027	-0.044	0.272	0.034	0.053	-0.032	-0.008	-0.074	0.075	-0.023	0.043	-0.058	-0.060	-0.039	0.005	0.099	-0.047	0.108	0.028	0.014	0.090	0.013	0.065	-0.029	-0.021	0.047	0.085	1.000	-0.046	0.022	0.051	0.408	-0.038
94	0.208	-0.086	0.039	0.200	0.029	0.086	-0.051	-0.031	0.167	-0.059	-0.023	0.199	0.044	-0.036	0.025	-0.055	-0.043	0.070	-0.073	0.081	0.066	0.105	0.029	0.041	0.081	0.133	-0.019	0.006	0.030	0.051	-0.079	0.015	0.021	-0.014	0.028	-0.150	0.074	-0.063	-0.011	-0.085	0.083	-0.027	0.047	-0.060	0.114	-0.118	0.000	-0.068	-0.119	-0.021	-0.045	0.028	-0.068	-0.021	0.113	0.010	-0.039	-0.032	0.005	-0.037	-0.071	-0.048	-0.097	0.028	-0.035	0.067	-0.091	0.091	-0.039	-0.009	-0.041	0.051	0.008	-0.014	-0.031	-0.043	0.088	-0.034	0.079	0.007	0.044	-0.018	-0.046	1.000	-0.038	0.034	-0.076	-0.082
95	0.130	-0.018	-0.061	0.001	-0.008	-0.081	0.076	-0.055	-0.042	-0.000	-0.030	-0.031	-0.052	-0.035	0.021	-0.067	0.009	0.020	-0.048	-0.033	-0.056	0.003	0.251	-0.012	0.088	-0.086	-0.055	-0.021	-0.030	0.004	0.043	-0.058	-0.012	-0.043	-0.060	0.037	-0.043	-0.018	0.006	0.031	0.108	-0.067	-0.071	-0.045	0.115	0.004	0.018	0.089	-0.004	-0.054	0.049	-0.025	-0.050	0.173	-0.100	-0.065	0.156	0.098	0.079	-0.081	0.074	-0.069	-0.079	0.040	0.010	-0.022	-0.045	0.005	-0.000	0.024	0.003	0.011	0.005	-0.001	-0.007	0.016	-0.063	-0.007	0.028	0.059	-0.044	-0.054	0.022	-0.038	1.000	-0.079	0.226	-0.014
96	-0.027	0.016	-0.012	0.026	0.011	-0.007	-0.013	-0.030	-0.071	0.325	0.282	-0.008	-0.038	-0.044	-0.029	-0.019	0.032	0.023	0.038	-0.016	0.051	0.121	0.027	-0.009	-0.092	-0.060	-0.069	0.020	0.001	0.048	-0.082	-0.034	0.036	-0.061	-0.023	-0.023	-0.042	-0.055	-0.020	-0.054	0.024	-0.095	0.006	-0.051	0.067	0.117	-0.020	0.076	-0.094	-0.022	-0.068	0.119	0.011	-0.026	0.128	-0.001	-0.037	-0.081	0.073	0.054	-0.090	-0.072	0.032	-0.043	-0.040	-0.063	-0.060	-0.028	-0.094	0.041	0.153	-0.021	-0.063	0.167	-0.013	-0.080	-0.026	-0.034	-0.047	-0.011	0.008	0.045	0.051	0.034	-0.079	1.000	-0.045	0.202
98	-0.071	0.037	-0.025	-0.039	-0.092	-0.045	-0.040	-0.011	-0.077	-0.103	-0.032	0.002	-0.067	0.046	-0.037	0.045	0.205	-0.069	0.022	-0.012	-0.062	0.038	-0.040	0.135	0.080	0.037	0.095	-0.051	-0.005	0.034	0.120	-0.069	-0.126	-0.064	-0.004	-0.028	-0.036	-0.033	-0.053	-0.044	-0.041	0.038	-0.027	0.059	-0.069	-0.024	0.075	-0.023	-0.083	-0.055	-0.031	0.032	-0.041	0.093	-0.095	0.020	0.060	0.110	-0.047	0.005	0.122	0.033	-0.099	0.095	0.011	0.028	0.092	-0.026	-0.087	-0.022	-0.024	-0.040	0.035	-0.074	-0.038	0.091	-0.038	-0.019	-0.003	-0.017	-0.041	0.040	0.408	-0.076	0.226	-0.045	1.000	0.005
99	-0.003	-0.014	-0.047	0.085	-0.051	-0.016	0.004	-0.043	-0.101	0.049	0.216	-0.092	-0.106	-0.068	-0.016	-0.039	-0.025	0.027	0.054	0.101	0.022	-0.054	-0.082	0.000	-0.086	-0.006	-0.008	-0.044	-0.016	0.078	0.008	0.050	-0.124	0.072	-0.043	0.038	-0.005	-0.048	-0.058	-0.050	-0.022	-0.061	0.108	-0.068	-0.037	0.063	-0.004	0.025	0.060	-0.051	-0.001	0.083	-0.055	0.159	-0.023	0.072	-0.008	-0.088	0.028	0.075	0.166	-0.001	0.001	-0.017	-0.013	-0.032	-0.081	0.048	0.051	0.098	0.006	-0.042	-0.064	0.095	0.093	-0.061	0.029	-0.051	-0.023	0.077	0.063	-0.121	-0.038	-0.082	-0.014	0.202	0.005	1.000