OTU_id	10	102	106	108	109	11	110	113	120	124	126	127	13	134	138	139	14	140	141	146	149	15	152	158	159	16	172	175	18	180	19	190	2	20	204	21	22	220	228	23	239	24	25	250	26	28	29	310	32	320	334	342	35	36	38	39	4	48	50	52	54	55	56	6	60	65	66	68	7	71	73	74	75	76	78	79	8	80	81	83	87	9	92	94	95	96	98	99
10	1.000	-0.104	0.025	-0.032	-0.059	0.096	-0.050	-0.036	-0.028	0.152	-0.015	-0.052	0.102	0.012	-0.076	0.086	0.034	-0.031	-0.177	0.004	0.063	0.007	-0.115	-0.084	-0.007	0.020	-0.120	-0.163	0.003	0.033	-0.100	-0.015	0.135	-0.011	0.062	-0.099	-0.161	0.039	-0.114	0.056	-0.001	0.005	0.029	-0.012	0.113	0.148	0.076	-0.006	-0.047	-0.021	-0.021	-0.068	0.052	0.090	-0.077	0.211	0.300	0.053	0.006	0.162	0.005	-0.086	-0.143	0.083	0.144	-0.048	0.098	-0.050	-0.116	0.095	-0.014	0.063	-0.032	-0.027	-0.055	-0.090	-0.007	-0.012	-0.068	0.139	-0.077	-0.031	-0.002	0.060	0.061	-0.150	-0.022	0.090
102	-0.104	1.000	0.385	-0.052	0.239	-0.231	-0.004	-0.233	0.018	0.083	0.165	-0.165	-0.318	0.113	-0.095	0.202	-0.115	0.080	0.002	-0.027	0.137	-0.112	0.173	-0.084	0.032	-0.241	0.234	0.047	-0.249	0.244	-0.209	0.273	-0.307	-0.007	-0.061	-0.262	-0.129	-0.087	0.164	-0.276	-0.184	-0.190	-0.018	-0.242	0.130	-0.107	0.257	0.134	-0.185	0.202	0.150	-0.026	-0.113	-0.177	0.341	0.214	-0.281	0.126	0.046	0.241	0.103	-0.082	0.106	-0.306	-0.168	0.031	0.141	0.295	-0.086	-0.133	0.408	0.177	0.226	-0.187	0.105	-0.149	-0.227	0.208	-0.165	0.084	0.030	0.238	0.259	0.220	-0.042	-0.052	-0.189	-0.147
106	0.025	0.385	1.000	-0.072	0.188	-0.183	0.008	-0.172	-0.060	0.032	0.297	-0.184	-0.261	0.109	-0.094	0.217	-0.136	0.114	-0.061	0.053	0.128	-0.194	0.117	-0.073	-0.025	-0.148	0.089	0.016	-0.176	0.293	-0.144	0.354	-0.205	-0.106	0.030	-0.230	-0.137	-0.091	0.054	-0.265	-0.152	-0.224	0.001	-0.198	0.268	-0.105	0.150	0.077	-0.233	0.103	0.046	-0.086	-0.095	-0.161	0.181	0.196	-0.195	0.124	-0.021	0.245	-0.023	-0.084	-0.044	-0.229	-0.084	-0.069	0.194	0.281	-0.104	-0.084	0.434	0.272	0.170	-0.166	0.024	-0.088	-0.148	0.317	-0.148	0.163	-0.067	0.202	0.139	0.173	-0.058	-0.076	-0.212	-0.136
108	-0.032	-0.052	-0.072	1.000	0.020	-0.064	0.023	-0.087	-0.068	0.106	-0.084	0.037	-0.184	-0.075	-0.126	-0.091	-0.055	-0.092	-0.059	-0.139	-0.003	0.268	-0.011	-0.147	0.158	-0.181	0.059	0.071	-0.147	-0.031	-0.128	-0.131	-0.217	0.191	-0.061	-0.067	-0.009	-0.059	-0.009	-0.037	0.036	-0.098	-0.095	-0.065	-0.080	0.126	0.264	-0.056	-0.142	-0.049	-0.039	0.019	-0.158	-0.063	0.199	0.055	-0.089	-0.121	0.151	0.092	0.078	0.239	0.264	0.080	-0.066	0.034	-0.022	-0.034	0.157	-0.038	0.076	-0.049	0.187	-0.091	0.341	0.098	-0.032	-0.120	0.202	-0.042	0.150	0.097	-0.003	0.038	0.113	0.091	-0.019	-0.077
109	-0.059	0.239	0.188	0.020	1.000	-0.075	0.034	-0.037	0.061	-0.125	0.040	-0.116	-0.185	0.061	0.053	0.057	-0.041	-0.011	0.100	-0.019	-0.047	-0.102	0.084	-0.039	-0.066	-0.052	0.159	0.031	-0.174	-0.011	-0.023	0.124	-0.191	-0.070	0.015	-0.106	-0.103	0.047	0.053	-0.131	-0.045	-0.017	0.141	-0.140	0.111	-0.178	0.086	0.044	-0.128	0.059	0.061	-0.069	-0.103	0.053	0.001	0.036	-0.126	0.067	0.079	0.092	-0.041	0.024	0.049	-0.213	-0.187	0.035	0.029	0.254	0.113	-0.138	0.153	0.052	0.108	-0.122	0.001	0.018	0.068	0.107	0.042	-0.048	0.034	0.233	0.164	0.016	-0.076	-0.039	-0.091	-0.082
11	0.096	-0.231	-0.183	-0.064	-0.075	1.000	-0.145	0.399	0.025	-0.156	-0.028	0.095	0.583	-0.022	0.120	-0.037	0.265	-0.071	-0.034	0.041	-0.107	-0.211	-0.015	0.142	-0.163	0.401	-0.094	-0.021	0.344	-0.153	0.411	-0.060	0.548	-0.191	-0.018	0.328	0.079	-0.016	-0.015	0.331	0.135	0.130	0.250	0.124	0.002	0.009	-0.435	-0.001	0.126	-0.064	-0.012	-0.019	0.065	0.140	-0.264	-0.177	0.139	0.112	-0.196	-0.248	-0.041	-0.085	-0.082	0.293	-0.026	0.063	-0.059	-0.003	0.069	0.118	-0.241	-0.064	-0.219	0.389	-0.301	-0.036	0.231	-0.023	-0.115	-0.073	-0.104	-0.144	-0.135	-0.214	-0.078	0.087	0.085	0.042
110	-0.050	-0.004	0.008	0.023	0.034	-0.145	1.000	-0.124	0.043	0.081	-0.058	-0.012	-0.215	-0.099	-0.075	-0.048	-0.098	-0.041	0.073	-0.046	0.043	0.320	-0.055	-0.091	0.154	-0.200	-0.002	0.016	-0.094	0.037	-0.101	-0.050	-0.169	0.225	-0.053	-0.187	-0.158	0.015	0.026	-0.041	-0.060	-0.156	-0.191	-0.041	-0.016	0.058	0.170	-0.027	-0.101	-0.023	0.020	0.083	0.025	-0.051	0.176	0.096	-0.017	-0.057	0.190	0.019	0.038	0.142	0.075	0.023	-0.059	-0.026	-0.010	0.003	0.120	0.027	0.099	-0.023	0.143	-0.206	0.265	0.084	-0.043	-0.070	0.065	-0.049	0.109	0.130	0.058	0.097	0.050	-0.040	-0.056	-0.039
113	-0.036	-0.233	-0.172	-0.087	-0.037	0.399	-0.124	1.000	0.204	-0.242	-0.021	0.209	0.447	0.045	0.239	-0.108	0.229	-0.037	0.097	0.119	-0.253	-0.075	-0.125	0.252	-0.295	0.615	-0.180	0.073	0.548	-0.224	0.339	-0.029	0.599	-0.272	0.044	0.596	0.246	0.154	0.040	0.507	0.123	0.430	0.187	0.313	-0.057	-0.094	-0.463	0.041	0.417	-0.121	-0.052	-0.002	0.129	0.381	-0.422	-0.322	0.229	-0.018	-0.219	-0.343	-0.146	-0.088	-0.015	0.163	0.061	0.039	-0.199	-0.158	0.021	-0.007	-0.329	-0.132	-0.310	0.341	-0.339	0.046	0.264	0.012	0.048	-0.181	0.044	-0.209	-0.213	-0.313	-0.106	0.181	0.179	0.109
120	-0.028	0.018	-0.060	-0.068	0.061	0.025	0.043	0.204	1.000	-0.186	-0.006	0.118	0.128	0.078	-0.006	0.021	0.039	-0.036	0.029	0.027	-0.145	-0.027	-0.140	0.051	-0.019	0.098	-0.018	0.014	0.114	-0.185	-0.021	-0.014	0.188	-0.003	-0.012	0.156	-0.033	0.067	0.009	0.157	-0.020	0.169	0.016	0.073	-0.043	0.044	-0.122	-0.106	0.081	-0.149	-0.037	-0.047	0.097	0.080	-0.107	-0.139	0.115	0.024	-0.024	-0.113	-0.055	0.038	0.013	0.013	0.038	0.114	-0.117	-0.023	0.046	-0.000	-0.103	-0.085	-0.113	-0.012	-0.064	-0.011	0.100	-0.040	0.042	-0.083	0.049	-0.057	0.039	-0.105	0.047	-0.056	0.014	-0.006
124	0.152	0.083	0.032	0.106	-0.125	-0.156	0.081	-0.242	-0.186	1.000	-0.030	-0.152	-0.187	-0.040	-0.171	0.031	-0.110	-0.049	-0.111	-0.085	0.255	0.074	0.002	-0.170	0.207	-0.263	0.018	-0.107	-0.198	0.209	-0.201	-0.059	-0.171	0.211	0.045	-0.239	-0.175	0.042	0.036	-0.172	-0.048	-0.155	-0.106	-0.084	0.038	0.116	0.361	-0.004	-0.162	0.120	0.086	0.026	0.026	-0.018	0.208	0.378	0.045	-0.013	0.190	0.364	0.122	-0.071	-0.016	0.016	0.111	-0.055	0.169	0.014	-0.087	0.152	0.222	0.104	-0.004	-0.227	0.140	-0.085	-0.171	-0.076	-0.058	0.215	-0.055	0.075	0.010	0.325	0.165	-0.251	-0.207	0.018
126	-0.015	0.165	0.297	-0.084	0.040	-0.028	-0.058	-0.021	-0.006	-0.030	1.000	-0.154	-0.029	0.158	0.041	0.154	-0.015	0.210	-0.062	0.175	0.032	-0.131	0.065	0.012	-0.075	0.012	-0.026	0.061	-0.013	0.162	-0.101	0.267	0.066	-0.140	-0.001	-0.067	0.025	0.052	0.006	-0.040	-0.067	-0.151	-0.045	-0.037	0.135	-0.079	-0.041	0.054	0.031	0.071	0.051	-0.029	-0.014	-0.097	0.021	0.049	-0.064	0.062	-0.150	0.081	-0.015	-0.166	-0.106	-0.132	0.033	-0.093	0.116	0.113	-0.221	-0.018	0.134	0.157	0.005	-0.057	-0.060	-0.122	-0.058	0.190	-0.078	0.093	-0.148	-0.046	0.015	0.041	-0.079	-0.073	-0.079	-0.056
127	-0.052	-0.165	-0.184	0.037	-0.116	0.095	-0.012	0.209	0.118	-0.152	-0.154	1.000	0.079	-0.126	0.121	-0.190	0.112	-0.127	0.190	-0.141	-0.113	0.037	-0.066	0.028	-0.028	0.114	-0.101	0.002	0.306	-0.184	0.232	-0.134	0.168	-0.031	-0.069	0.169	0.110	-0.073	-0.053	0.206	0.038	0.251	0.003	0.167	-0.164	0.282	-0.120	-0.027	0.101	-0.250	-0.118	0.014	-0.045	0.134	-0.156	-0.185	0.006	-0.049	-0.112	-0.188	-0.113	0.092	0.120	0.110	-0.016	0.505	-0.177	-0.049	0.082	-0.019	-0.153	-0.110	-0.183	0.142	-0.057	0.042	0.058	-0.179	0.059	-0.159	0.048	-0.063	0.007	-0.067	0.317	0.242	0.087	0.008
13	0.102	-0.318	-0.261	-0.184	-0.185	0.583	-0.215	0.447	0.128	-0.187	-0.029	0.079	1.000	0.051	0.134	-0.062	0.303	0.021	-0.069	0.135	-0.147	-0.188	-0.092	0.197	-0.107	0.501	-0.250	-0.005	0.455	-0.226	0.302	-0.095	0.745	-0.139	0.048	0.428	0.186	0.095	-0.090	0.378	0.075	0.208	0.219	0.192	-0.040	0.109	-0.510	-0.000	0.204	-0.072	-0.003	-0.054	0.262	0.202	-0.358	-0.210	0.403	0.045	-0.265	-0.289	0.003	-0.111	-0.212	0.313	0.156	0.077	-0.102	-0.130	-0.086	0.132	-0.382	-0.122	-0.270	0.388	-0.376	-0.037	0.245	-0.075	-0.087	-0.028	0.015	-0.300	-0.232	-0.236	-0.066	-0.010	0.118	0.194
134	0.012	0.113	0.109	-0.075	0.061	-0.022	-0.099	0.045	0.078	-0.040	0.158	-0.126	0.051	1.000	0.026	0.150	-0.053	0.132	-0.021	0.073	0.044	-0.139	-0.067	-0.022	-0.118	0.048	-0.033	-0.049	0.017	0.097	-0.040	0.156	0.060	-0.102	0.033	-0.029	-0.094	0.021	-0.058	0.013	-0.049	-0.036	0.096	-0.095	0.100	-0.089	-0.079	0.026	-0.042	0.104	0.034	-0.015	0.029	-0.100	-0.024	0.050	0.045	0.145	-0.091	0.093	0.015	-0.180	-0.139	-0.036	0.054	-0.044	0.083	0.127	-0.158	0.041	0.063	0.157	-0.038	-0.049	-0.121	-0.090	-0.049	0.207	-0.035	0.150	-0.093	0.021	-0.022	0.001	-0.072	-0.028	-0.018	0.012
138	-0.076	-0.095	-0.094	-0.126	0.053	0.120	-0.075	0.239	-0.006	-0.171	0.041	0.121	0.134	0.026	1.000	-0.033	0.055	-0.045	0.051	0.054	-0.145	-0.156	0.054	0.151	-0.215	0.234	-0.025	0.131	0.177	-0.146	0.209	-0.034	0.157	-0.164	-0.010	0.295	0.312	0.024	-0.026	0.126	0.093	0.334	0.069	0.215	-0.017	-0.144	-0.326	0.084	0.162	-0.002	0.009	0.004	-0.003	0.042	-0.237	-0.259	-0.012	-0.117	-0.147	-0.239	-0.030	-0.007	0.027	-0.088	-0.019	0.010	-0.169	-0.080	-0.001	0.010	-0.184	-0.071	-0.166	0.267	-0.141	0.120	0.054	-0.004	0.047	-0.104	0.124	-0.165	0.044	-0.237	-0.102	0.079	0.145	-0.021
139	0.086	0.202	0.217	-0.091	0.057	-0.037	-0.048	-0.108	0.021	0.031	0.154	-0.190	-0.062	0.150	-0.033	1.000	-0.071	0.080	-0.115	0.055	0.133	-0.102	0.101	-0.014	0.001	-0.044	0.020	0.018	-0.080	0.175	-0.113	0.193	-0.001	-0.061	0.017	-0.112	-0.131	0.036	-0.020	-0.061	-0.093	-0.056	0.075	-0.107	0.116	-0.041	-0.018	0.012	-0.091	0.081	0.054	-0.083	0.017	-0.156	0.050	0.101	-0.041	0.018	-0.083	0.128	0.054	-0.139	-0.115	-0.130	0.009	-0.064	0.088	0.158	-0.142	-0.024	0.211	0.097	0.054	-0.074	-0.007	-0.080	-0.143	0.150	-0.109	0.157	-0.127	0.011	0.085	0.079	-0.045	-0.140	-0.127	0.015
14	0.034	-0.115	-0.136	-0.055	-0.041	0.265	-0.098	0.229	0.039	-0.110	-0.015	0.112	0.303	-0.053	0.055	-0.071	1.000	-0.102	-0.040	0.102	-0.139	-0.039	0.029	0.068	-0.051	0.158	-0.111	0.028	0.248	-0.150	0.104	0.016	0.414	-0.111	-0.001	0.191	0.077	0.085	0.002	0.437	0.017	0.135	-0.018	0.217	-0.103	0.033	-0.178	-0.046	0.057	-0.138	-0.085	-0.097	0.036	0.113	-0.141	-0.136	0.204	0.065	-0.078	-0.159	-0.063	-0.094	-0.047	0.148	0.060	0.036	-0.075	-0.042	-0.044	0.071	-0.161	-0.120	-0.153	0.168	-0.217	-0.002	0.079	-0.080	-0.008	-0.166	-0.014	-0.198	-0.077	-0.106	0.011	0.150	-0.005	0.020
140	-0.031	0.080	0.114	-0.092	-0.011	-0.071	-0.041	-0.037	-0.036	-0.049	0.210	-0.127	0.021	0.132	-0.045	0.080	-0.102	1.000	-0.055	0.090	0.097	-0.097	-0.046	-0.011	-0.034	0.036	-0.098	0.003	0.023	0.110	-0.018	0.162	0.086	-0.057	0.040	-0.015	0.029	-0.021	-0.080	-0.001	-0.007	-0.172	0.013	-0.071	0.180	-0.117	-0.059	0.006	0.044	0.098	-0.005	-0.004	0.057	-0.099	0.034	0.098	-0.038	0.120	-0.102	0.071	-0.050	-0.206	-0.157	-0.063	0.097	-0.085	0.097	0.044	-0.206	-0.016	0.065	0.182	-0.048	-0.017	-0.047	-0.008	-0.033	0.170	-0.055	0.146	-0.113	-0.040	0.078	0.043	-0.081	-0.062	0.051	0.021
141	-0.177	0.002	-0.061	-0.059	0.100	-0.034	0.073	0.097	0.029	-0.111	-0.062	0.190	-0.069	-0.021	0.051	-0.115	-0.040	-0.055	1.000	-0.009	-0.092	-0.016	0.006	0.039	-0.127	0.047	0.041	0.119	-0.029	-0.146	0.099	-0.092	-0.066	-0.019	0.064	0.039	0.024	0.034	0.041	-0.082	0.072	0.119	-0.006	0.005	-0.046	-0.121	-0.045	0.032	0.077	-0.016	-0.023	0.075	-0.108	0.044	-0.042	-0.109	-0.081	0.051	0.006	-0.100	0.018	0.133	0.170	-0.046	-0.129	0.029	-0.077	-0.023	0.196	-0.044	-0.086	-0.082	-0.076	0.017	0.049	0.041	0.037	-0.035	-0.026	-0.162	0.012	0.110	0.134	-0.221	0.054	0.247	0.201	-0.039
146	0.004	-0.027	0.053	-0.139	-0.019	0.041	-0.046	0.119	0.027	-0.085	0.175	-0.141	0.135	0.073	0.054	0.055	0.102	0.090	-0.009	1.000	-0.010	-0.146	0.049	0.073	-0.076	0.142	-0.018	0.086	0.086	0.039	0.008	0.113	0.233	-0.136	0.008	0.072	0.018	0.093	-0.011	0.120	0.020	0.010	0.040	0.044	0.154	-0.129	-0.152	0.078	0.113	0.074	-0.009	-0.021	0.065	-0.043	-0.057	-0.033	0.014	0.040	-0.113	-0.033	-0.014	-0.156	-0.153	-0.012	0.056	-0.151	0.011	-0.002	-0.202	-0.025	-0.070	0.045	-0.110	0.014	-0.160	-0.038	-0.036	0.056	-0.042	0.051	-0.130	-0.131	-0.015	-0.031	-0.152	-0.027	0.089	-0.003
149	0.063	0.137	0.128	-0.003	-0.047	-0.107	0.043	-0.253	-0.145	0.255	0.032	-0.113	-0.147	0.044	-0.145	0.133	-0.139	0.097	-0.092	-0.010	1.000	-0.120	0.029	-0.130	0.107	-0.199	0.027	-0.063	-0.125	0.352	-0.184	0.024	-0.138	-0.019	0.017	-0.226	-0.202	-0.022	-0.056	-0.178	-0.007	-0.226	-0.080	-0.154	0.114	0.000	0.139	0.036	-0.146	0.200	0.163	-0.018	-0.019	-0.108	0.157	0.373	-0.095	0.126	0.099	0.362	0.089	-0.089	-0.116	-0.094	0.004	-0.003	0.349	0.064	-0.184	0.100	0.256	0.220	0.151	-0.173	-0.037	-0.064	-0.089	0.102	-0.133	0.338	-0.171	0.108	-0.006	0.254	0.092	-0.215	-0.191	-0.051
15	0.007	-0.112	-0.194	0.268	-0.102	-0.211	0.320	-0.075	-0.027	0.074	-0.131	0.037	-0.188	-0.139	-0.156	-0.102	-0.039	-0.097	-0.016	-0.146	-0.120	1.000	-0.064	-0.052	0.180	-0.232	0.028	-0.116	-0.096	-0.120	-0.211	-0.192	-0.156	0.440	-0.063	-0.132	-0.018	0.035	-0.017	0.087	0.021	-0.095	-0.164	0.149	-0.161	0.141	0.235	-0.111	0.214	-0.111	-0.088	0.051	-0.011	0.083	0.114	-0.041	0.037	-0.183	0.217	-0.028	-0.050	0.281	0.179	0.156	0.052	-0.039	-0.095	-0.133	0.257	0.004	-0.033	-0.162	0.131	-0.129	0.401	0.184	0.064	-0.195	0.191	-0.163	0.115	0.063	-0.059	-0.007	0.038	0.145	-0.013	-0.005
152	-0.115	0.173	0.117	-0.011	0.084	-0.015	-0.055	-0.125	-0.140	0.002	0.065	-0.066	-0.092	-0.067	0.054	0.101	0.029	-0.046	0.006	0.049	0.029	-0.064	1.000	0.020	0.048	-0.088	0.142	0.142	-0.044	0.072	-0.014	0.055	-0.066	0.027	-0.068	-0.050	-0.024	0.038	0.035	-0.083	-0.053	-0.046	0.069	-0.061	0.030	-0.050	0.049	0.150	-0.079	0.083	0.041	0.002	-0.076	-0.068	0.110	-0.033	-0.196	0.003	-0.022	0.048	0.070	0.029	0.025	-0.130	-0.032	-0.019	0.010	0.056	-0.054	-0.003	0.095	0.071	0.051	-0.041	0.069	-0.068	-0.012	0.057	-0.069	0.017	-0.009	0.052	0.159	-0.008	-0.068	-0.034	-0.062	-0.077
158	-0.084	-0.084	-0.073	-0.147	-0.039	0.142	-0.091	0.252	0.051	-0.170	0.012	0.028	0.197	-0.022	0.151	-0.014	0.068	-0.011	0.039	0.073	-0.130	-0.052	0.020	1.000	-0.161	0.289	-0.100	0.080	0.197	-0.146	0.244	-0.066	0.209	-0.075	0.027	0.212	0.278	0.014	-0.114	0.124	0.129	0.188	0.169	0.056	0.058	-0.094	-0.240	0.037	0.118	-0.032	-0.073	-0.032	0.034	0.078	-0.235	-0.264	0.062	-0.014	-0.028	-0.226	-0.028	-0.073	-0.078	-0.029	0.031	-0.030	-0.161	-0.051	0.036	-0.016	-0.202	-0.154	-0.171	0.264	-0.117	0.010	0.140	0.014	0.045	-0.080	-0.006	-0.148	0.020	-0.167	-0.168	0.129	0.170	-0.039
159	-0.007	0.032	-0.025	0.158	-0.066	-0.163	0.154	-0.295	-0.019	0.207	-0.075	-0.028	-0.107	-0.118	-0.215	0.001	-0.051	-0.034	-0.127	-0.076	0.107	0.180	0.048	-0.161	1.000	-0.288	0.050	-0.058	-0.177	0.153	-0.153	-0.028	-0.102	0.290	0.035	-0.176	-0.056	0.052	0.031	-0.064	0.047	-0.277	-0.217	-0.053	-0.069	0.169	0.279	-0.164	-0.114	-0.058	-0.033	0.003	0.015	-0.161	0.242	0.130	-0.107	-0.083	0.177	0.186	0.033	0.103	-0.028	0.065	0.006	0.003	0.074	-0.062	-0.009	0.137	0.142	-0.068	0.265	-0.163	0.223	0.055	-0.096	-0.145	0.139	0.089	0.054	-0.026	-0.041	0.234	0.175	-0.079	-0.134	0.026
16	0.020	-0.241	-0.148	-0.181	-0.052	0.401	-0.200	0.615	0.098	-0.263	0.012	0.114	0.501	0.048	0.234	-0.044	0.158	0.036	0.047	0.142	-0.199	-0.232	-0.088	0.289	-0.288	1.000	-0.202	-0.021	0.431	-0.196	0.504	0.008	0.612	-0.274	0.023	0.581	0.285	0.050	-0.004	0.378	0.147	0.413	0.202	0.263	-0.011	-0.085	-0.539	0.078	0.243	-0.061	-0.034	-0.004	0.139	0.175	-0.349	-0.245	0.254	0.059	-0.294	-0.276	-0.123	-0.210	-0.102	0.201	0.045	0.003	-0.107	-0.049	-0.052	0.027	-0.332	-0.068	-0.285	0.421	-0.341	0.008	0.192	0.043	0.010	-0.047	-0.062	-0.231	-0.132	-0.293	-0.196	0.187	0.225	0.079
172	-0.120	0.234	0.089	0.059	0.159	-0.094	-0.002	-0.180	-0.018	0.018	-0.026	-0.101	-0.250	-0.033	-0.025	0.020	-0.111	-0.098	0.041	-0.018	0.027	0.028	0.142	-0.100	0.050	-0.202	1.000	0.102	-0.225	0.077	-0.111	0.062	-0.270	0.058	-0.119	-0.169	-0.052	-0.106	0.256	-0.204	-0.011	-0.082	0.009	-0.154	0.013	-0.048	0.255	-0.004	-0.133	0.122	0.099	0.115	-0.158	-0.114	0.254	0.007	-0.256	-0.084	0.219	0.090	0.098	0.117	0.252	-0.156	-0.109	0.010	-0.049	0.098	0.128	-0.049	0.191	0.020	0.195	-0.050	0.265	-0.095	-0.057	0.013	0.007	-0.041	0.114	0.245	0.149	0.115	-0.081	-0.006	-0.088	-0.143
175	-0.163	0.047	0.016	0.071	0.031	-0.021	0.016	0.073	0.014	-0.107	0.061	0.002	-0.005	-0.049	0.131	0.018	0.028	0.003	0.119	0.086	-0.063	-0.116	0.142	0.080	-0.058	-0.021	0.102	1.000	0.015	-0.049	0.007	0.081	0.031	-0.110	-0.031	0.114	0.140	0.034	0.052	0.054	-0.012	0.042	-0.010	0.075	-0.041	-0.097	-0.071	-0.039	0.015	0.012	0.027	0.084	-0.063	0.021	0.019	-0.200	-0.102	-0.060	-0.046	-0.095	0.058	0.131	0.092	-0.149	-0.010	-0.048	-0.111	-0.008	-0.050	-0.057	-0.081	-0.050	0.029	0.072	0.048	-0.020	-0.022	-0.062	-0.014	-0.101	0.186	-0.086	0.009	-0.037	-0.102	0.143	0.054	-0.045
18	0.003	-0.249	-0.176	-0.147	-0.174	0.344	-0.094	0.548	0.114	-0.198	-0.013	0.306	0.455	0.017	0.177	-0.080	0.248	0.023	-0.029	0.086	-0.125	-0.096	-0.044	0.197	-0.177	0.431	-0.225	0.015	1.000	-0.131	0.247	0.020	0.670	-0.244	0.046	0.455	0.304	0.100	-0.029	0.633	0.112	0.317	-0.003	0.319	-0.110	0.042	-0.491	0.012	0.466	-0.169	-0.035	-0.061	0.178	0.263	-0.340	-0.218	0.184	-0.007	-0.270	-0.301	-0.131	-0.099	-0.272	0.229	0.165	0.105	-0.085	-0.160	-0.255	0.062	-0.289	-0.077	-0.341	0.306	-0.358	0.002	0.151	-0.103	0.050	-0.080	-0.061	-0.463	-0.217	-0.190	0.040	0.163	0.186	0.220
180	0.033	0.244	0.293	-0.031	-0.011	-0.153	0.037	-0.224	-0.185	0.209	0.162	-0.184	-0.226	0.097	-0.146	0.175	-0.150	0.110	-0.146	0.039	0.352	-0.120	0.072	-0.146	0.153	-0.196	0.077	-0.049	-0.131	1.000	-0.183	0.223	-0.161	0.004	-0.004	-0.140	-0.131	-0.050	0.057	-0.186	-0.064	-0.207	-0.149	-0.194	0.110	0.001	0.185	0.062	-0.133	0.116	0.079	0.026	-0.049	-0.166	0.220	0.310	-0.262	0.024	0.018	0.329	0.095	-0.084	-0.132	-0.138	-0.034	-0.064	0.248	0.139	-0.185	0.034	0.413	0.209	0.171	-0.191	0.018	-0.083	-0.167	0.098	-0.116	0.304	-0.163	0.035	-0.016	0.340	0.052	-0.224	-0.229	-0.075
19	-0.100	-0.209	-0.144	-0.128	-0.023	0.411	-0.101	0.339	-0.021	-0.201	-0.101	0.232	0.302	-0.040	0.209	-0.113	0.104	-0.018	0.099	0.008	-0.184	-0.211	-0.014	0.244	-0.153	0.504	-0.111	0.007	0.247	-0.183	1.000	-0.105	0.336	-0.173	-0.040	0.378	0.312	-0.151	0.005	0.070	0.081	0.182	0.250	0.111	-0.050	-0.046	-0.327	-0.035	0.056	-0.009	-0.026	0.064	0.004	0.013	-0.190	-0.189	0.030	0.028	-0.147	-0.224	-0.015	-0.011	-0.071	0.102	-0.122	0.134	-0.182	-0.043	0.229	-0.041	-0.266	-0.058	-0.169	0.361	-0.148	0.002	0.174	-0.050	-0.056	-0.141	0.040	-0.097	-0.061	-0.242	-0.116	0.195	0.215	-0.052
190	-0.015	0.273	0.354	-0.131	0.124	-0.060	-0.050	-0.029	-0.014	-0.059	0.267	-0.134	-0.095	0.156	-0.034	0.193	0.016	0.162	-0.092	0.113	0.024	-0.192	0.055	-0.066	-0.028	0.008	0.062	0.081	0.020	0.223	-0.105	1.000	0.009	-0.109	-0.045	-0.060	-0.032	-0.020	0.026	-0.049	-0.101	-0.095	-0.035	-0.144	0.147	-0.109	-0.020	0.021	-0.074	0.045	0.027	-0.020	-0.043	-0.108	0.081	0.067	-0.131	0.071	-0.098	0.062	-0.022	-0.164	-0.097	-0.154	-0.025	-0.083	0.103	0.204	-0.147	-0.068	0.241	0.151	0.045	-0.047	-0.060	-0.143	-0.074	0.168	-0.110	0.098	-0.108	0.009	0.079	0.106	-0.071	-0.050	-0.094	-0.056
2	0.135	-0.307	-0.205	-0.217	-0.191	0.548	-0.169	0.599	0.188	-0.171	0.066	0.168	0.745	0.060	0.157	-0.001	0.414	0.086	-0.066	0.233	-0.138	-0.156	-0.066	0.209	-0.102	0.612	-0.270	0.031	0.670	-0.161	0.336	0.009	1.000	-0.233	0.064	0.450	0.193	0.188	-0.022	0.667	0.117	0.243	0.074	0.360	-0.024	0.048	-0.497	0.014	0.375	-0.133	-0.048	-0.042	0.293	0.197	-0.371	-0.231	0.455	0.046	-0.297	-0.296	-0.087	-0.219	-0.276	0.431	0.297	0.054	-0.062	-0.096	-0.256	0.168	-0.357	-0.078	-0.312	0.385	-0.419	0.027	0.194	-0.049	0.004	-0.013	-0.095	-0.434	-0.256	-0.218	-0.022	0.076	0.129	0.270
20	-0.011	-0.007	-0.106	0.191	-0.070	-0.191	0.225	-0.272	-0.003	0.211	-0.140	-0.031	-0.139	-0.102	-0.164	-0.061	-0.111	-0.057	-0.019	-0.136	-0.019	0.440	0.027	-0.075	0.290	-0.274	0.058	-0.110	-0.244	0.004	-0.173	-0.109	-0.233	1.000	-0.047	-0.158	0.025	0.028	0.000	-0.200	-0.059	-0.181	-0.143	-0.042	-0.094	0.219	0.319	-0.014	-0.124	-0.062	-0.096	0.086	0.084	-0.072	0.237	0.030	-0.015	-0.171	0.224	0.007	0.138	0.223	0.207	0.101	0.005	0.050	-0.068	-0.085	0.141	0.046	0.077	-0.071	0.175	-0.165	0.487	-0.007	0.067	-0.201	0.235	0.042	0.014	0.053	-0.049	0.187	0.132	-0.107	-0.051	-0.002
204	0.062	-0.061	0.030	-0.061	0.015	-0.018	-0.053	0.044	-0.012	0.045	-0.001	-0.069	0.048	0.033	-0.010	0.017	-0.001	0.040	0.064	0.008	0.017	-0.063	-0.068	0.027	0.035	0.023	-0.119	-0.031	0.046	-0.004	-0.040	-0.045	0.064	-0.047	1.000	0.008	-0.053	0.082	-0.119	0.039	0.030	-0.013	0.001	0.007	0.080	-0.096	-0.082	-0.020	0.034	0.041	-0.038	-0.064	0.097	-0.110	-0.124	0.061	0.069	0.030	-0.055	0.074	-0.044	-0.070	-0.139	0.043	0.057	-0.145	0.076	-0.034	-0.034	-0.047	-0.003	-0.012	0.024	-0.028	-0.090	0.093	-0.055	0.057	0.128	0.003	-0.062	-0.031	0.113	0.023	0.020	-0.021	-0.017	0.097
21	-0.099	-0.262	-0.230	-0.067	-0.106	0.328	-0.187	0.596	0.156	-0.239	-0.067	0.169	0.428	-0.029	0.295	-0.112	0.191	-0.015	0.039	0.072	-0.226	-0.132	-0.050	0.212	-0.176	0.581	-0.169	0.114	0.455	-0.140	0.378	-0.060	0.450	-0.158	0.008	1.000	0.427	0.051	-0.059	0.409	0.093	0.485	0.110	0.267	-0.109	-0.026	-0.466	-0.024	0.288	-0.120	-0.096	0.015	0.097	0.272	-0.320	-0.324	0.060	-0.099	-0.247	-0.361	-0.085	0.057	-0.023	0.036	0.001	0.017	-0.154	-0.210	0.038	-0.044	-0.321	-0.147	-0.278	0.495	-0.225	0.093	0.201	-0.079	0.037	-0.168	0.133	-0.303	-0.166	-0.259	-0.054	0.179	0.228	0.116
22	-0.161	-0.129	-0.137	-0.009	-0.103	0.079	-0.158	0.246	-0.033	-0.175	0.025	0.110	0.186	-0.094	0.312	-0.131	0.077	0.029	0.024	0.018	-0.202	-0.018	-0.024	0.278	-0.056	0.285	-0.052	0.140	0.304	-0.131	0.312	-0.032	0.193	0.025	-0.053	0.427	1.000	-0.044	-0.015	0.134	0.121	0.299	0.033	0.220	-0.124	-0.147	-0.307	0.016	0.302	-0.041	-0.071	0.037	-0.008	0.003	-0.137	-0.260	-0.095	-0.148	-0.131	-0.302	-0.061	0.023	0.071	-0.146	-0.049	-0.027	-0.208	-0.159	0.048	-0.097	-0.213	-0.109	-0.164	0.452	-0.079	0.117	0.090	-0.143	0.042	-0.136	0.116	-0.326	-0.073	-0.224	-0.207	0.340	0.299	-0.087
220	0.039	-0.087	-0.091	-0.059	0.047	-0.016	0.015	0.154	0.067	0.042	0.052	-0.073	0.095	0.021	0.024	0.036	0.085	-0.021	0.034	0.093	-0.022	0.035	0.038	0.014	0.052	0.050	-0.106	0.034	0.100	-0.050	-0.151	-0.020	0.188	0.028	0.082	0.051	-0.044	1.000	-0.027	0.149	-0.012	-0.006	-0.023	0.114	-0.002	-0.005	-0.063	-0.009	0.150	0.016	0.033	-0.016	0.090	0.053	-0.189	0.034	0.132	0.009	-0.080	-0.071	-0.030	0.031	-0.174	0.086	0.132	-0.087	0.043	-0.054	-0.160	-0.024	-0.113	0.014	-0.071	-0.112	-0.123	-0.006	0.107	0.005	0.086	0.024	0.034	-0.167	-0.160	-0.014	0.015	-0.124	-0.136	0.040
228	-0.114	0.164	0.054	-0.009	0.053	-0.015	0.026	0.040	0.009	0.036	0.006	-0.053	-0.090	-0.058	-0.026	-0.020	0.002	-0.080	0.041	-0.011	-0.056	-0.017	0.035	-0.114	0.031	-0.004	0.256	0.052	-0.029	0.057	0.005	0.026	-0.022	0.000	-0.119	-0.059	-0.015	-0.027	1.000	-0.012	-0.029	-0.101	-0.036	0.025	-0.028	-0.036	0.066	0.020	0.021	-0.006	0.064	0.091	-0.028	-0.083	0.166	-0.012	-0.170	-0.092	0.117	0.010	0.084	0.039	0.153	-0.029	-0.080	0.007	-0.047	0.025	0.035	-0.028	0.106	-0.041	0.113	-0.071	0.125	-0.088	-0.017	-0.078	0.013	-0.107	0.064	0.075	-0.007	0.056	-0.073	0.015	-0.070	-0.047
23	0.056	-0.276	-0.265	-0.037	-0.131	0.331	-0.041	0.507	0.157	-0.172	-0.040	0.206	0.378	0.013	0.126	-0.061	0.437	-0.001	-0.082	0.120	-0.178	0.087	-0.083	0.124	-0.064	0.378	-0.204	0.054	0.633	-0.186	0.070	-0.049	0.667	-0.200	0.039	0.409	0.134	0.149	-0.012	1.000	0.162	0.231	-0.137	0.456	-0.178	0.036	-0.396	-0.072	0.479	-0.170	-0.085	-0.058	0.154	0.208	-0.259	-0.270	0.340	-0.043	-0.195	-0.271	-0.146	-0.094	-0.173	0.336	0.266	0.010	-0.110	-0.172	-0.238	0.132	-0.289	-0.180	-0.239	0.217	-0.314	0.162	0.123	-0.126	0.087	-0.183	-0.064	-0.470	-0.242	-0.128	0.022	0.194	0.136	0.293
239	-0.001	-0.184	-0.152	0.036	-0.045	0.135	-0.060	0.123	-0.020	-0.048	-0.067	0.038	0.075	-0.049	0.093	-0.093	0.017	-0.007	0.072	0.020	-0.007	0.021	-0.053	0.129	0.047	0.147	-0.011	-0.012	0.112	-0.064	0.081	-0.101	0.117	-0.059	0.030	0.093	0.121	-0.012	-0.029	0.162	1.000	0.021	-0.021	0.041	0.011	-0.071	-0.181	-0.043	0.121	-0.059	-0.068	0.021	-0.008	0.035	-0.090	-0.069	0.013	0.078	-0.069	-0.116	-0.091	-0.001	-0.074	0.105	0.025	-0.107	-0.004	-0.099	0.039	0.020	-0.078	-0.130	-0.030	0.177	-0.057	0.062	0.023	-0.142	0.036	-0.004	-0.100	-0.029	-0.092	-0.155	-0.054	0.187	0.216	0.071
24	0.005	-0.190	-0.224	-0.098	-0.017	0.130	-0.156	0.430	0.169	-0.155	-0.151	0.251	0.208	-0.036	0.334	-0.056	0.135	-0.172	0.119	0.010	-0.226	-0.095	-0.046	0.188	-0.277	0.413	-0.082	0.042	0.317	-0.207	0.182	-0.095	0.243	-0.181	-0.013	0.485	0.299	-0.006	-0.101	0.231	0.021	1.000	0.115	0.234	-0.103	-0.065	-0.347	0.034	0.170	-0.080	-0.060	0.021	-0.038	0.337	-0.317	-0.302	0.145	-0.077	-0.129	-0.296	-0.112	-0.036	0.114	-0.058	0.058	0.050	-0.232	-0.158	0.188	-0.011	-0.329	-0.164	-0.348	0.325	-0.223	0.034	0.087	-0.095	-0.043	-0.143	0.096	-0.188	0.022	-0.235	-0.074	0.192	0.287	0.011
25	0.029	-0.018	0.001	-0.095	0.141	0.250	-0.191	0.187	0.016	-0.106	-0.045	0.003	0.219	0.096	0.069	0.075	-0.018	0.013	-0.006	0.040	-0.080	-0.164	0.069	0.169	-0.217	0.202	0.009	-0.010	-0.003	-0.149	0.250	-0.035	0.074	-0.143	0.001	0.110	0.033	-0.023	-0.036	-0.137	-0.021	0.115	1.000	-0.086	0.158	-0.122	-0.162	0.188	-0.052	0.133	0.026	-0.022	-0.013	0.037	-0.141	-0.061	0.049	0.152	-0.063	-0.076	-0.033	-0.085	0.036	-0.044	-0.089	0.057	-0.069	0.095	0.196	-0.089	-0.187	0.017	-0.081	0.160	-0.133	-0.043	0.050	0.144	-0.112	-0.057	0.003	0.114	0.119	-0.197	-0.174	-0.001	0.103	-0.046
250	-0.012	-0.242	-0.198	-0.065	-0.140	0.124	-0.041	0.313	0.073	-0.084	-0.037	0.167	0.192	-0.095	0.215	-0.107	0.217	-0.071	0.005	0.044	-0.154	0.149	-0.061	0.056	-0.053	0.263	-0.154	0.075	0.319	-0.194	0.111	-0.144	0.360	-0.042	0.007	0.267	0.220	0.114	0.025	0.456	0.041	0.234	-0.086	1.000	-0.140	-0.034	-0.298	-0.093	0.362	-0.160	-0.055	-0.017	0.058	0.098	-0.263	-0.232	0.195	-0.129	-0.121	-0.225	-0.108	-0.016	-0.075	0.149	0.185	-0.053	-0.182	-0.156	-0.034	0.074	-0.257	-0.129	-0.213	0.130	-0.163	0.190	0.130	-0.142	0.117	-0.168	-0.009	-0.327	-0.180	-0.162	-0.057	0.115	0.070	0.079
26	0.113	0.130	0.268	-0.080	0.111	0.002	-0.016	-0.057	-0.043	0.038	0.135	-0.164	-0.040	0.100	-0.017	0.116	-0.103	0.180	-0.046	0.154	0.114	-0.161	0.030	0.058	-0.069	-0.011	0.013	-0.041	-0.110	0.110	-0.050	0.147	-0.024	-0.094	0.080	-0.109	-0.124	-0.002	-0.028	-0.178	0.011	-0.103	0.158	-0.140	1.000	-0.093	0.056	0.110	-0.193	0.155	-0.023	-0.110	-0.034	-0.135	0.057	0.127	-0.043	0.076	-0.062	0.033	0.061	-0.106	-0.105	-0.077	0.024	-0.078	0.043	0.129	-0.100	-0.065	0.108	0.059	0.055	-0.032	-0.036	-0.022	-0.044	0.163	-0.052	0.127	-0.094	0.085	0.121	0.089	-0.078	-0.150	-0.081	-0.073
28	0.148	-0.107	-0.105	0.126	-0.178	0.009	0.058	-0.094	0.044	0.116	-0.079	0.282	0.109	-0.089	-0.144	-0.041	0.033	-0.117	-0.121	-0.129	0.000	0.141	-0.050	-0.094	0.169	-0.085	-0.048	-0.097	0.042	0.001	-0.046	-0.109	0.048	0.219	-0.096	-0.026	-0.147	-0.005	-0.036	0.036	-0.071	-0.065	-0.122	-0.034	-0.093	1.000	0.175	-0.166	-0.053	-0.219	-0.069	0.068	0.053	0.096	0.060	0.053	0.158	-0.150	0.062	-0.020	0.056	0.153	-0.014	0.156	0.078	0.359	-0.036	-0.095	-0.045	0.066	0.028	-0.089	0.079	-0.103	0.106	-0.033	0.057	-0.178	0.068	0.056	0.090	-0.060	-0.160	0.228	0.389	-0.139	-0.142	0.036
29	0.076	0.257	0.150	0.264	0.086	-0.435	0.170	-0.463	-0.122	0.361	-0.041	-0.120	-0.510	-0.079	-0.326	-0.018	-0.178	-0.059	-0.045	-0.152	0.139	0.235	0.049	-0.240	0.279	-0.539	0.255	-0.071	-0.491	0.185	-0.327	-0.020	-0.497	0.319	-0.082	-0.466	-0.307	-0.063	0.066	-0.396	-0.181	-0.347	-0.162	-0.298	0.056	0.175	1.000	-0.019	-0.342	0.086	0.057	0.013	-0.144	-0.138	0.467	0.305	-0.114	-0.104	0.390	0.327	0.103	0.200	0.202	-0.063	-0.033	0.116	0.085	0.125	0.039	-0.033	0.326	0.047	0.366	-0.449	0.456	-0.045	-0.211	0.020	0.049	0.104	0.078	0.326	0.175	0.395	0.191	-0.198	-0.236	-0.037
310	-0.006	0.134	0.077	-0.056	0.044	-0.001	-0.027	0.041	-0.106	-0.004	0.054	-0.027	-0.000	0.026	0.084	0.012	-0.046	0.006	0.032	0.078	0.036	-0.111	0.150	0.037	-0.164	0.078	-0.004	-0.039	0.012	0.062	-0.035	0.021	0.014	-0.014	-0.020	-0.024	0.016	-0.009	0.020	-0.072	-0.043	0.034	0.188	-0.093	0.110	-0.166	-0.019	1.000	-0.041	0.148	-0.019	0.004	-0.063	0.028	0.024	0.024	-0.078	0.055	-0.020	-0.021	0.018	-0.100	0.095	-0.109	-0.059	-0.034	0.021	0.046	-0.032	-0.061	0.003	0.042	-0.064	0.013	-0.037	-0.076	0.034	0.145	-0.083	0.024	-0.019	0.055	0.170	-0.049	-0.132	-0.026	0.006	-0.065
32	-0.047	-0.185	-0.233	-0.142	-0.128	0.126	-0.101	0.417	0.081	-0.162	0.031	0.101	0.204	-0.042	0.162	-0.091	0.057	0.044	0.077	0.113	-0.146	0.214	-0.079	0.118	-0.114	0.243	-0.133	0.015	0.466	-0.133	0.056	-0.074	0.375	-0.124	0.034	0.288	0.302	0.150	0.021	0.479	0.121	0.170	-0.052	0.362	-0.193	-0.053	-0.342	-0.041	1.000	-0.112	-0.039	-0.021	0.057	0.218	-0.262	-0.179	0.088	-0.088	-0.098	-0.200	-0.197	-0.039	-0.153	0.082	0.139	-0.093	-0.099	-0.197	-0.085	-0.011	-0.261	-0.138	-0.206	0.126	-0.232	0.158	0.164	-0.095	0.015	-0.139	-0.125	-0.271	-0.183	-0.209	-0.113	0.245	0.217	0.125
320	-0.021	0.202	0.103	-0.049	0.059	-0.064	-0.023	-0.121	-0.149	0.120	0.071	-0.250	-0.072	0.104	-0.002	0.081	-0.138	0.098	-0.016	0.074	0.200	-0.111	0.083	-0.032	-0.058	-0.061	0.122	0.012	-0.169	0.116	-0.009	0.045	-0.133	-0.062	0.041	-0.120	-0.041	0.016	-0.006	-0.170	-0.059	-0.080	0.133	-0.160	0.155	-0.219	0.086	0.148	-0.112	1.000	0.248	0.055	-0.009	-0.160	0.166	0.139	-0.068	0.055	0.028	0.197	0.116	-0.090	0.019	-0.196	-0.087	-0.146	0.095	0.067	-0.017	-0.048	0.130	0.183	0.130	-0.053	0.006	-0.053	-0.057	0.161	-0.154	0.087	-0.030	0.084	0.117	0.038	-0.156	-0.111	-0.068	-0.085
334	-0.021	0.150	0.046	-0.039	0.061	-0.012	0.020	-0.052	-0.037	0.086	0.051	-0.118	-0.003	0.034	0.009	0.054	-0.085	-0.005	-0.023	-0.009	0.163	-0.088	0.041	-0.073	-0.033	-0.034	0.099	0.027	-0.035	0.079	-0.026	0.027	-0.048	-0.096	-0.038	-0.096	-0.071	0.033	0.064	-0.085	-0.068	-0.060	0.026	-0.055	-0.023	-0.069	0.057	-0.019	-0.039	0.248	1.000	-0.026	0.010	-0.040	0.102	0.099	-0.104	0.015	0.010	0.159	0.093	-0.044	0.006	-0.119	-0.039	-0.061	0.064	0.074	-0.063	-0.027	0.116	0.118	0.038	-0.025	0.030	-0.068	-0.052	0.074	-0.145	0.025	-0.038	0.033	-0.000	0.059	-0.052	-0.072	-0.112	-0.061
342	-0.068	-0.026	-0.086	0.019	-0.069	-0.019	0.083	-0.002	-0.047	0.026	-0.029	0.014	-0.054	-0.015	0.004	-0.083	-0.097	-0.004	0.075	-0.021	-0.018	0.051	0.002	-0.032	0.003	-0.004	0.115	0.084	-0.061	0.026	0.064	-0.020	-0.042	0.086	-0.064	0.015	0.037	-0.016	0.091	-0.058	0.021	0.021	-0.022	-0.017	-0.110	0.068	0.013	0.004	-0.021	0.055	-0.026	1.000	-0.014	-0.024	0.059	-0.080	-0.120	-0.139	0.072	-0.097	0.117	0.122	0.094	-0.023	-0.004	0.014	-0.096	-0.071	0.107	0.005	-0.032	0.045	0.028	0.013	0.123	-0.087	0.105	-0.063	0.103	0.029	0.079	-0.012	-0.025	0.025	-0.045	0.020	0.105	-0.103
35	0.052	-0.113	-0.095	-0.158	-0.103	0.065	0.025	0.129	0.097	0.026	-0.014	-0.045	0.262	0.029	-0.003	0.017	0.036	0.057	-0.108	0.065	-0.019	-0.011	-0.076	0.034	0.015	0.139	-0.158	-0.063	0.178	-0.049	0.004	-0.043	0.293	0.084	0.097	0.097	-0.008	0.090	-0.028	0.154	-0.008	-0.038	-0.013	0.058	-0.034	0.053	-0.144	-0.063	0.057	-0.009	0.010	-0.014	1.000	0.010	-0.159	-0.026	0.209	-0.017	-0.121	-0.048	0.020	-0.054	-0.198	0.151	0.179	-0.054	-0.037	-0.053	-0.154	0.087	-0.112	-0.022	-0.089	0.019	-0.072	-0.044	0.042	-0.044	0.082	0.081	-0.100	-0.181	-0.168	-0.038	-0.015	-0.125	0.021	0.248
36	0.090	-0.177	-0.161	-0.063	0.053	0.140	-0.051	0.381	0.080	-0.018	-0.097	0.134	0.202	-0.100	0.042	-0.156	0.113	-0.099	0.044	-0.043	-0.108	0.083	-0.068	0.078	-0.161	0.175	-0.114	0.021	0.263	-0.166	0.013	-0.108	0.197	-0.072	-0.110	0.272	0.003	0.053	-0.083	0.208	0.035	0.337	0.037	0.098	-0.135	0.096	-0.138	0.028	0.218	-0.160	-0.040	-0.024	0.010	1.000	-0.261	-0.048	0.221	-0.002	0.021	-0.110	-0.157	0.007	0.088	0.001	0.109	0.066	-0.089	-0.167	0.125	0.000	-0.220	-0.105	-0.266	0.048	-0.199	-0.058	0.238	-0.145	0.007	-0.098	0.137	0.081	-0.111	-0.149	-0.000	0.072	0.067	0.066
38	-0.077	0.341	0.181	0.199	0.001	-0.264	0.176	-0.422	-0.107	0.208	0.021	-0.156	-0.358	-0.024	-0.237	0.050	-0.141	0.034	-0.042	-0.057	0.157	0.114	0.110	-0.235	0.242	-0.349	0.254	0.019	-0.340	0.220	-0.190	0.081	-0.371	0.237	-0.124	-0.320	-0.137	-0.189	0.166	-0.259	-0.090	-0.317	-0.141	-0.263	0.057	0.060	0.467	0.024	-0.262	0.166	0.102	0.059	-0.159	-0.261	1.000	0.212	-0.267	0.003	0.324	0.282	0.178	0.092	0.176	-0.105	-0.127	0.045	0.112	0.117	0.049	-0.029	0.367	0.057	0.346	-0.249	0.388	-0.027	-0.196	0.008	-0.100	0.084	0.062	0.264	0.218	0.302	0.041	-0.043	-0.144	-0.061
39	0.211	0.214	0.196	0.055	0.036	-0.177	0.096	-0.322	-0.139	0.378	0.049	-0.185	-0.210	0.050	-0.259	0.101	-0.136	0.098	-0.109	-0.033	0.373	-0.041	-0.033	-0.264	0.130	-0.245	0.007	-0.200	-0.218	0.310	-0.189	0.067	-0.231	0.030	0.061	-0.324	-0.260	0.034	-0.012	-0.270	-0.069	-0.302	-0.061	-0.232	0.127	0.053	0.305	0.024	-0.179	0.139	0.099	-0.080	-0.026	-0.048	0.212	1.000	-0.056	0.253	0.144	0.524	0.060	-0.135	-0.140	-0.089	-0.030	-0.028	0.383	0.190	-0.119	0.049	0.347	0.257	0.223	-0.284	-0.006	-0.091	-0.173	0.103	-0.093	0.318	-0.064	0.351	0.072	0.380	0.194	-0.253	-0.201	-0.085
4	0.300	-0.281	-0.195	-0.089	-0.126	0.139	-0.017	0.229	0.115	0.045	-0.064	0.006	0.403	0.045	-0.012	-0.041	0.204	-0.038	-0.081	0.014	-0.095	0.037	-0.196	0.062	-0.107	0.254	-0.256	-0.102	0.184	-0.262	0.030	-0.131	0.455	-0.015	0.069	0.060	-0.095	0.132	-0.170	0.340	0.013	0.145	0.049	0.195	-0.043	0.158	-0.114	-0.078	0.088	-0.068	-0.104	-0.120	0.209	0.221	-0.267	-0.056	1.000	-0.032	-0.058	-0.108	-0.131	-0.127	-0.082	0.246	0.316	-0.007	-0.059	-0.128	-0.075	0.103	-0.303	-0.094	-0.131	0.065	-0.174	0.132	0.081	-0.104	-0.020	-0.000	-0.012	-0.161	-0.159	-0.138	0.082	-0.150	0.005	0.308
48	0.053	0.126	0.124	-0.121	0.067	0.112	-0.057	-0.018	0.024	-0.013	0.062	-0.049	0.045	0.145	-0.117	0.018	0.065	0.120	0.051	0.040	0.126	-0.183	0.003	-0.014	-0.083	0.059	-0.084	-0.060	-0.007	0.024	0.028	0.071	0.046	-0.171	0.030	-0.099	-0.148	0.009	-0.092	-0.043	0.078	-0.077	0.152	-0.129	0.076	-0.150	-0.104	0.055	-0.088	0.055	0.015	-0.139	-0.017	-0.002	0.003	0.253	-0.032	1.000	-0.035	0.213	-0.059	-0.203	-0.115	0.014	-0.065	-0.059	0.279	0.123	-0.050	0.031	0.079	0.146	-0.001	-0.024	-0.134	-0.151	-0.104	0.191	-0.136	0.072	-0.117	0.205	0.071	-0.034	-0.012	-0.020	0.021	0.008
50	0.006	0.046	-0.021	0.151	0.079	-0.196	0.190	-0.219	-0.024	0.190	-0.150	-0.112	-0.265	-0.091	-0.147	-0.083	-0.078	-0.102	0.006	-0.113	0.099	0.217	-0.022	-0.028	0.177	-0.294	0.219	-0.046	-0.270	0.018	-0.147	-0.098	-0.297	0.224	-0.055	-0.247	-0.131	-0.080	0.117	-0.195	-0.069	-0.129	-0.063	-0.121	-0.062	0.062	0.390	-0.020	-0.098	0.028	0.010	0.072	-0.121	0.021	0.324	0.144	-0.058	-0.035	1.000	0.160	0.051	0.122	0.225	-0.084	-0.059	-0.042	-0.010	0.060	0.288	0.047	0.135	-0.038	0.229	-0.213	0.313	0.018	0.049	-0.067	0.073	-0.104	0.098	0.308	0.120	0.162	-0.008	-0.058	-0.079	-0.073
52	0.162	0.241	0.245	0.092	0.092	-0.248	0.019	-0.343	-0.113	0.364	0.081	-0.188	-0.289	0.093	-0.239	0.128	-0.159	0.071	-0.100	-0.033	0.362	-0.028	0.048	-0.226	0.186	-0.276	0.090	-0.095	-0.301	0.329	-0.224	0.062	-0.296	0.007	0.074	-0.361	-0.302	-0.071	0.010	-0.271	-0.116	-0.296	-0.076	-0.225	0.033	-0.020	0.327	-0.021	-0.200	0.197	0.159	-0.097	-0.048	-0.110	0.282	0.524	-0.108	0.213	0.160	1.000	0.044	-0.070	-0.006	-0.148	-0.017	-0.049	0.397	0.194	-0.059	0.036	0.369	0.286	0.227	-0.300	0.084	-0.079	-0.251	0.138	-0.095	0.296	-0.080	0.351	0.135	0.303	0.089	-0.224	-0.258	0.005
54	0.005	0.103	-0.023	0.078	-0.041	-0.041	0.038	-0.146	-0.055	0.122	-0.015	-0.113	0.003	0.015	-0.030	0.054	-0.063	-0.050	0.018	-0.014	0.089	-0.050	0.070	-0.028	0.033	-0.123	0.098	0.058	-0.131	0.095	-0.015	-0.022	-0.087	0.138	-0.044	-0.085	-0.061	-0.030	0.084	-0.146	-0.091	-0.112	-0.033	-0.108	0.061	0.056	0.103	0.018	-0.197	0.116	0.093	0.117	0.020	-0.157	0.178	0.060	-0.131	-0.059	0.051	0.044	1.000	0.084	-0.014	-0.082	-0.048	-0.034	-0.022	-0.029	0.025	0.035	0.115	0.060	0.128	-0.034	0.193	-0.078	0.025	-0.018	-0.015	0.024	0.026	0.004	-0.025	0.113	-0.014	-0.174	-0.068	-0.089
55	-0.086	-0.082	-0.084	0.239	0.024	-0.085	0.142	-0.088	0.038	-0.071	-0.166	0.092	-0.111	-0.180	-0.007	-0.139	-0.094	-0.206	0.133	-0.156	-0.089	0.281	0.029	-0.073	0.103	-0.210	0.117	0.131	-0.099	-0.084	-0.011	-0.164	-0.219	0.223	-0.070	0.057	0.023	0.031	0.039	-0.094	-0.001	-0.036	-0.085	-0.016	-0.106	0.153	0.200	-0.100	-0.039	-0.090	-0.044	0.122	-0.054	0.007	0.092	-0.135	-0.127	-0.203	0.122	-0.070	0.084	1.000	0.293	-0.010	-0.132	0.099	-0.139	-0.165	0.297	-0.022	-0.047	-0.108	0.183	-0.105	0.290	0.054	0.117	-0.124	0.192	-0.173	0.359	0.089	-0.052	-0.022	0.039	-0.006	0.072	0.025
56	-0.143	0.106	-0.044	0.264	0.049	-0.082	0.075	-0.015	0.013	-0.016	-0.106	0.120	-0.212	-0.139	0.027	-0.115	-0.047	-0.157	0.170	-0.153	-0.116	0.179	0.025	-0.078	-0.028	-0.102	0.252	0.092	-0.272	-0.132	-0.071	-0.097	-0.276	0.207	-0.139	-0.023	0.071	-0.174	0.153	-0.173	-0.074	0.114	0.036	-0.075	-0.105	-0.014	0.202	0.095	-0.153	0.019	0.006	0.094	-0.198	0.088	0.176	-0.140	-0.082	-0.115	0.225	-0.006	-0.014	0.293	1.000	-0.167	-0.218	0.095	-0.139	-0.045	0.409	-0.114	0.012	-0.165	0.100	0.021	0.382	-0.030	0.011	-0.113	0.068	-0.176	0.298	0.400	0.168	-0.088	-0.118	0.141	0.037	-0.167
6	0.083	-0.306	-0.229	0.080	-0.213	0.293	0.023	0.163	0.013	0.016	-0.132	0.110	0.313	-0.036	-0.088	-0.130	0.148	-0.063	-0.046	-0.012	-0.094	0.156	-0.130	-0.029	0.065	0.201	-0.156	-0.149	0.229	-0.138	0.102	-0.154	0.431	0.101	0.043	0.036	-0.146	0.086	-0.029	0.336	0.105	-0.058	-0.044	0.149	-0.077	0.156	-0.063	-0.109	0.082	-0.196	-0.119	-0.023	0.151	0.001	-0.105	-0.089	0.246	0.014	-0.084	-0.148	-0.082	-0.010	-0.167	1.000	0.230	0.024	-0.055	-0.131	-0.050	0.172	-0.190	-0.100	-0.048	0.033	-0.002	-0.027	0.068	-0.145	0.090	-0.011	-0.131	-0.175	-0.192	-0.064	0.066	0.019	-0.002	0.274
60	0.144	-0.168	-0.084	-0.066	-0.187	-0.026	-0.059	0.061	0.038	0.111	0.033	-0.016	0.156	0.054	-0.019	0.009	0.060	0.097	-0.129	0.056	0.004	0.052	-0.032	0.031	0.006	0.045	-0.109	-0.010	0.165	-0.034	-0.122	-0.025	0.297	0.005	0.057	0.001	-0.049	0.132	-0.080	0.266	0.025	0.058	-0.089	0.185	0.024	0.078	-0.033	-0.059	0.139	-0.087	-0.039	-0.004	0.179	0.109	-0.127	-0.030	0.316	-0.065	-0.059	-0.017	-0.048	-0.132	-0.218	0.230	1.000	-0.112	0.022	-0.117	-0.216	0.068	-0.158	0.004	-0.131	-0.037	-0.066	0.034	0.049	-0.042	0.012	0.092	-0.135	-0.253	-0.123	0.008	0.066	-0.073	-0.044	0.211
65	-0.048	0.031	-0.069	0.034	0.035	0.063	-0.026	0.039	0.114	-0.055	-0.093	0.505	0.077	-0.044	0.010	-0.064	0.036	-0.085	0.029	-0.151	-0.003	-0.039	-0.019	-0.030	0.003	0.003	0.010	-0.048	0.105	-0.064	0.134	-0.083	0.054	0.050	-0.145	0.017	-0.027	-0.087	0.007	0.010	-0.107	0.050	0.057	-0.053	-0.078	0.359	0.116	-0.034	-0.093	-0.146	-0.061	0.014	-0.054	0.066	0.045	-0.028	-0.007	-0.059	-0.042	-0.049	-0.034	0.099	0.095	0.024	-0.112	1.000	-0.092	0.080	0.035	-0.025	-0.002	-0.089	-0.034	-0.011	0.032	-0.062	-0.036	-0.069	0.042	-0.059	0.158	0.037	0.047	0.134	0.317	-0.009	-0.046	-0.065
66	0.098	0.141	0.194	-0.022	0.029	-0.059	-0.010	-0.199	-0.117	0.169	0.116	-0.177	-0.102	0.083	-0.169	0.088	-0.075	0.097	-0.077	0.011	0.349	-0.095	0.010	-0.161	0.074	-0.107	-0.049	-0.111	-0.085	0.248	-0.182	0.103	-0.062	-0.068	0.076	-0.154	-0.208	0.043	-0.047	-0.110	-0.004	-0.232	-0.069	-0.182	0.043	-0.036	0.085	0.021	-0.099	0.095	0.064	-0.096	-0.037	-0.089	0.112	0.383	-0.059	0.279	-0.010	0.397	-0.022	-0.139	-0.139	-0.055	0.022	-0.092	1.000	0.107	-0.180	0.012	0.252	0.185	0.113	-0.157	-0.065	-0.086	-0.105	0.150	-0.094	0.286	-0.171	0.106	0.024	0.182	0.051	-0.162	-0.107	-0.025
68	-0.050	0.295	0.281	-0.034	0.254	-0.003	0.003	-0.158	-0.023	0.014	0.113	-0.049	-0.130	0.127	-0.080	0.158	-0.042	0.044	-0.023	-0.002	0.064	-0.133	0.056	-0.051	-0.062	-0.049	0.098	-0.008	-0.160	0.139	-0.043	0.204	-0.096	-0.085	-0.034	-0.210	-0.159	-0.054	0.025	-0.172	-0.099	-0.158	0.095	-0.156	0.129	-0.095	0.125	0.046	-0.197	0.067	0.074	-0.071	-0.053	-0.167	0.117	0.190	-0.128	0.123	0.060	0.194	-0.029	-0.165	-0.045	-0.131	-0.117	0.080	0.107	1.000	0.002	-0.071	0.264	0.168	0.134	-0.114	-0.035	-0.096	-0.116	0.187	-0.058	0.088	-0.071	0.243	0.163	0.113	-0.008	-0.070	-0.119	-0.167
7	-0.116	-0.086	-0.104	0.157	0.113	0.069	0.120	0.021	0.046	-0.087	-0.221	0.082	-0.086	-0.158	-0.001	-0.142	-0.044	-0.206	0.196	-0.202	-0.184	0.257	-0.054	0.036	-0.009	-0.052	0.128	-0.050	-0.255	-0.185	0.229	-0.147	-0.256	0.141	-0.034	0.038	0.048	-0.160	0.035	-0.238	0.039	0.188	0.196	-0.034	-0.100	-0.045	0.039	-0.032	-0.085	-0.017	-0.063	0.107	-0.154	0.125	0.049	-0.119	-0.075	-0.050	0.288	-0.059	0.025	0.297	0.409	-0.050	-0.216	0.035	-0.180	0.002	1.000	-0.077	-0.076	-0.146	0.089	0.108	0.263	0.116	0.161	-0.118	0.046	-0.278	0.247	0.353	0.106	-0.148	-0.053	0.193	0.120	-0.080
71	0.095	-0.133	-0.084	-0.038	-0.138	0.118	0.027	-0.007	-0.000	0.152	-0.018	-0.019	0.132	0.041	0.010	-0.024	0.071	-0.016	-0.044	-0.025	0.100	0.004	-0.003	-0.016	0.137	0.027	-0.049	-0.057	0.062	0.034	-0.041	-0.068	0.168	0.046	-0.047	-0.044	-0.097	-0.024	-0.028	0.132	0.020	-0.011	-0.089	0.074	-0.065	0.066	-0.033	-0.061	-0.011	-0.048	-0.027	0.005	0.087	0.000	-0.029	0.049	0.103	0.031	0.047	0.036	0.035	-0.022	-0.114	0.172	0.068	-0.025	0.012	-0.071	-0.077	1.000	-0.039	0.056	-0.057	-0.045	-0.068	-0.024	0.059	-0.052	0.038	0.100	-0.071	-0.105	-0.126	0.049	0.032	-0.095	-0.079	0.093
73	-0.014	0.408	0.434	0.076	0.153	-0.241	0.099	-0.329	-0.103	0.222	0.134	-0.153	-0.382	0.063	-0.184	0.211	-0.161	0.065	-0.086	-0.070	0.256	-0.033	0.095	-0.202	0.142	-0.332	0.191	-0.081	-0.289	0.413	-0.266	0.241	-0.357	0.077	-0.003	-0.321	-0.213	-0.113	0.106	-0.289	-0.078	-0.329	-0.187	-0.257	0.108	0.028	0.326	0.003	-0.261	0.130	0.116	-0.032	-0.112	-0.220	0.367	0.347	-0.303	0.079	0.135	0.369	0.115	-0.047	0.012	-0.190	-0.158	-0.002	0.252	0.264	-0.076	-0.039	1.000	0.256	0.295	-0.235	0.170	-0.110	-0.228	0.168	-0.133	0.246	-0.158	0.232	0.097	0.358	0.114	-0.162	-0.266	-0.127
74	0.063	0.177	0.272	-0.049	0.052	-0.064	-0.023	-0.132	-0.085	0.104	0.157	-0.110	-0.122	0.157	-0.071	0.097	-0.120	0.182	-0.082	0.045	0.220	-0.162	0.071	-0.154	-0.068	-0.068	0.020	-0.050	-0.077	0.209	-0.058	0.151	-0.078	-0.071	-0.012	-0.147	-0.109	0.014	-0.041	-0.180	-0.130	-0.164	0.017	-0.129	0.059	-0.089	0.047	0.042	-0.138	0.183	0.118	0.045	-0.022	-0.105	0.057	0.257	-0.094	0.146	-0.038	0.286	0.060	-0.108	-0.165	-0.100	0.004	-0.089	0.185	0.168	-0.146	0.056	0.256	1.000	0.025	-0.111	-0.031	-0.094	-0.080	0.258	-0.167	0.240	-0.152	0.061	0.041	0.127	0.001	-0.134	-0.113	-0.080
75	-0.032	0.226	0.170	0.187	0.108	-0.219	0.143	-0.310	-0.113	-0.004	0.005	-0.183	-0.270	-0.038	-0.166	0.054	-0.153	-0.048	-0.076	-0.110	0.151	0.131	0.051	-0.171	0.265	-0.285	0.195	0.029	-0.341	0.171	-0.169	0.045	-0.312	0.175	0.024	-0.278	-0.164	-0.071	0.113	-0.239	-0.030	-0.348	-0.081	-0.213	0.055	0.079	0.366	-0.064	-0.206	0.130	0.038	0.028	-0.089	-0.266	0.346	0.223	-0.131	-0.001	0.229	0.227	0.128	0.183	0.100	-0.048	-0.131	-0.034	0.113	0.134	0.089	-0.057	0.295	0.025	1.000	-0.229	0.239	0.039	-0.011	0.008	0.130	0.028	0.111	0.266	-0.048	0.211	0.021	-0.130	-0.186	-0.069
76	-0.027	-0.187	-0.166	-0.091	-0.122	0.389	-0.206	0.341	-0.012	-0.227	-0.057	0.142	0.388	-0.049	0.267	-0.074	0.168	-0.017	0.017	0.014	-0.173	-0.129	-0.041	0.264	-0.163	0.421	-0.050	0.072	0.306	-0.191	0.361	-0.047	0.385	-0.165	-0.028	0.495	0.452	-0.112	-0.071	0.217	0.177	0.325	0.160	0.130	-0.032	-0.103	-0.449	0.013	0.126	-0.053	-0.025	0.013	0.019	0.048	-0.249	-0.284	0.065	-0.024	-0.213	-0.300	-0.034	-0.105	0.021	0.033	-0.037	-0.011	-0.157	-0.114	0.108	-0.045	-0.235	-0.111	-0.229	1.000	-0.123	0.095	0.061	-0.089	-0.135	-0.115	-0.034	-0.244	-0.081	-0.275	-0.077	0.249	0.326	0.061
78	-0.055	0.105	0.024	0.341	0.001	-0.301	0.265	-0.339	-0.064	0.140	-0.060	-0.057	-0.376	-0.121	-0.141	-0.007	-0.217	-0.047	0.049	-0.160	-0.037	0.401	0.069	-0.117	0.223	-0.341	0.265	0.048	-0.358	0.018	-0.148	-0.060	-0.419	0.487	-0.090	-0.225	-0.079	-0.123	0.125	-0.314	-0.057	-0.223	-0.133	-0.163	-0.036	0.106	0.456	-0.037	-0.232	0.006	0.030	0.123	-0.072	-0.199	0.388	-0.006	-0.174	-0.134	0.313	0.084	0.193	0.290	0.382	-0.002	-0.066	0.032	-0.065	-0.035	0.263	-0.068	0.170	-0.031	0.239	-0.123	1.000	0.063	-0.133	-0.121	0.128	-0.074	0.171	0.239	0.158	0.083	0.042	-0.010	-0.004	-0.078
79	-0.090	-0.149	-0.088	0.098	0.018	-0.036	0.084	0.046	-0.011	-0.085	-0.122	0.042	-0.037	-0.090	0.120	-0.080	-0.002	-0.008	0.041	-0.038	-0.064	0.184	-0.068	0.010	0.055	0.008	-0.095	-0.020	0.002	-0.083	0.002	-0.143	0.027	-0.007	0.093	0.093	0.117	-0.006	-0.088	0.162	0.062	0.034	-0.043	0.190	-0.022	-0.033	-0.045	-0.076	0.158	-0.053	-0.068	-0.087	-0.044	-0.058	-0.027	-0.091	0.132	-0.151	0.018	-0.079	-0.078	0.054	-0.030	-0.027	0.034	-0.062	-0.086	-0.096	0.116	-0.024	-0.110	-0.094	0.039	0.095	0.063	1.000	-0.011	-0.045	0.070	-0.139	0.071	-0.101	-0.041	-0.055	0.132	0.143	0.173	0.102
8	-0.007	-0.227	-0.148	-0.032	0.068	0.231	-0.043	0.264	0.100	-0.171	-0.058	0.058	0.245	-0.049	0.054	-0.143	0.079	-0.033	0.037	-0.036	-0.089	0.064	-0.012	0.140	-0.096	0.192	-0.057	-0.022	0.151	-0.167	0.174	-0.074	0.194	0.067	-0.055	0.201	0.090	0.107	-0.017	0.123	0.023	0.087	0.050	0.130	-0.044	0.057	-0.211	0.034	0.164	-0.057	-0.052	0.105	0.042	0.238	-0.196	-0.173	0.081	-0.104	0.049	-0.251	0.025	0.117	0.011	0.068	0.049	-0.036	-0.105	-0.116	0.161	0.059	-0.228	-0.080	-0.011	0.061	-0.133	-0.011	1.000	-0.000	0.089	-0.107	-0.031	-0.050	-0.165	-0.188	-0.143	0.122	0.028	-0.223
80	-0.012	0.208	0.317	-0.120	0.107	-0.023	-0.070	0.012	-0.040	-0.076	0.190	-0.179	-0.075	0.207	-0.004	0.150	-0.080	0.170	-0.035	0.056	0.102	-0.195	0.057	0.014	-0.145	0.043	0.013	-0.062	-0.103	0.098	-0.050	0.168	-0.049	-0.201	0.057	-0.079	-0.143	0.005	-0.078	-0.126	-0.142	-0.095	0.144	-0.142	0.163	-0.178	0.020	0.145	-0.095	0.161	0.074	-0.063	-0.044	-0.145	0.008	0.103	-0.104	0.191	-0.067	0.138	-0.018	-0.124	-0.113	-0.145	-0.042	-0.069	0.150	0.187	-0.118	-0.052	0.168	0.258	0.008	-0.089	-0.121	-0.045	-0.000	1.000	-0.078	0.068	-0.119	0.118	0.154	0.045	-0.064	-0.092	-0.048	-0.040
81	-0.068	-0.165	-0.148	0.202	0.042	-0.115	0.065	0.048	0.042	-0.058	-0.078	0.059	-0.087	-0.035	0.047	-0.109	-0.008	-0.055	-0.026	-0.042	-0.133	0.191	-0.069	0.045	0.139	0.010	0.007	-0.014	0.050	-0.116	-0.056	-0.110	0.004	0.235	0.128	0.037	0.042	0.086	0.013	0.087	0.036	-0.043	-0.112	0.117	-0.052	0.068	0.049	-0.083	0.015	-0.154	-0.145	0.103	0.082	0.007	-0.100	-0.093	-0.020	-0.136	0.073	-0.095	-0.015	0.192	0.068	0.090	0.012	0.042	-0.094	-0.058	0.046	0.038	-0.133	-0.167	0.130	-0.135	0.128	0.070	0.089	-0.078	1.000	-0.064	0.165	-0.032	-0.117	-0.013	0.009	0.020	0.006	0.057
83	0.139	0.084	0.163	-0.042	-0.048	-0.073	-0.049	-0.181	-0.083	0.215	0.093	-0.159	-0.028	0.150	-0.104	0.157	-0.166	0.146	-0.162	0.051	0.338	-0.163	0.017	-0.080	0.089	-0.047	-0.041	-0.101	-0.080	0.304	-0.141	0.098	-0.013	0.042	0.003	-0.168	-0.136	0.024	-0.107	-0.183	-0.004	-0.143	-0.057	-0.168	0.127	0.056	0.104	0.024	-0.139	0.087	0.025	0.029	0.081	-0.098	0.084	0.318	-0.000	0.072	-0.104	0.296	0.024	-0.173	-0.176	-0.011	0.092	-0.059	0.286	0.088	-0.278	0.100	0.246	0.240	0.028	-0.115	-0.074	-0.139	-0.107	0.068	-0.064	1.000	-0.202	0.008	-0.034	0.261	0.114	-0.260	-0.154	-0.009
87	-0.077	0.030	-0.067	0.150	0.034	-0.104	0.109	0.044	0.049	-0.055	-0.148	0.048	0.015	-0.093	0.124	-0.127	-0.014	-0.113	0.012	-0.130	-0.171	0.115	-0.009	-0.006	0.054	-0.062	0.114	0.186	-0.061	-0.163	0.040	-0.108	-0.095	0.014	-0.062	0.133	0.116	0.034	0.064	-0.064	-0.100	0.096	0.003	-0.009	-0.094	0.090	0.078	-0.019	-0.125	-0.030	-0.038	0.079	-0.100	0.137	0.062	-0.064	-0.012	-0.117	0.098	-0.080	0.026	0.359	0.298	-0.131	-0.135	0.158	-0.171	-0.071	0.247	-0.071	-0.158	-0.152	0.111	-0.034	0.171	0.071	-0.031	-0.119	0.165	-0.202	1.000	0.122	0.042	-0.054	-0.020	-0.026	-0.038	-0.059
9	-0.031	0.238	0.202	0.097	0.233	-0.144	0.130	-0.209	-0.057	0.075	-0.046	-0.063	-0.300	0.021	-0.165	0.011	-0.198	-0.040	0.110	-0.131	0.108	0.063	0.052	-0.148	-0.026	-0.231	0.245	-0.086	-0.463	0.035	-0.097	0.009	-0.434	0.053	-0.031	-0.303	-0.326	-0.167	0.075	-0.470	-0.029	-0.188	0.114	-0.327	0.085	-0.060	0.326	0.055	-0.271	0.084	0.033	-0.012	-0.181	0.081	0.264	0.351	-0.161	0.205	0.308	0.351	0.004	0.089	0.400	-0.175	-0.253	0.037	0.106	0.243	0.353	-0.105	0.232	0.061	0.266	-0.244	0.239	-0.101	-0.050	0.118	-0.032	0.008	0.122	1.000	0.229	0.064	-0.002	-0.083	-0.099	-0.143
92	-0.002	0.259	0.139	-0.003	0.164	-0.135	0.058	-0.213	0.039	0.010	0.015	0.007	-0.232	-0.022	0.044	0.085	-0.077	0.078	0.134	-0.015	-0.006	-0.059	0.159	0.020	-0.041	-0.132	0.149	0.009	-0.217	-0.016	-0.061	0.079	-0.256	-0.049	0.113	-0.166	-0.073	-0.160	-0.007	-0.242	-0.092	0.022	0.119	-0.180	0.121	-0.160	0.175	0.170	-0.183	0.117	-0.000	-0.025	-0.168	-0.111	0.218	0.072	-0.159	0.071	0.120	0.135	-0.025	-0.052	0.168	-0.192	-0.123	0.047	0.024	0.163	0.106	-0.126	0.097	0.041	-0.048	-0.081	0.158	-0.041	-0.165	0.154	-0.117	-0.034	0.042	0.229	1.000	-0.051	-0.013	0.109	0.080	-0.083
94	0.060	0.220	0.173	0.038	0.016	-0.214	0.097	-0.313	-0.105	0.325	0.041	-0.067	-0.236	0.001	-0.237	0.079	-0.106	0.043	-0.221	-0.031	0.254	-0.007	-0.008	-0.167	0.234	-0.293	0.115	-0.037	-0.190	0.340	-0.242	0.106	-0.218	0.187	0.023	-0.259	-0.224	-0.014	0.056	-0.128	-0.155	-0.235	-0.197	-0.162	0.089	0.228	0.395	-0.049	-0.209	0.038	0.059	0.025	-0.038	-0.149	0.302	0.380	-0.138	-0.034	0.162	0.303	0.113	-0.022	-0.088	-0.064	0.008	0.134	0.182	0.113	-0.148	0.049	0.358	0.127	0.211	-0.275	0.083	-0.055	-0.188	0.045	-0.013	0.261	-0.054	0.064	-0.051	1.000	0.264	-0.280	-0.272	-0.004
95	0.061	-0.042	-0.058	0.113	-0.076	-0.078	0.050	-0.106	0.047	0.165	-0.079	0.317	-0.066	-0.072	-0.102	-0.045	0.011	-0.081	0.054	-0.152	0.092	0.038	-0.068	-0.168	0.175	-0.196	-0.081	-0.102	0.040	0.052	-0.116	-0.071	-0.022	0.132	0.020	-0.054	-0.207	0.015	-0.073	0.022	-0.054	-0.074	-0.174	-0.057	-0.078	0.389	0.191	-0.132	-0.113	-0.156	-0.052	-0.045	-0.015	-0.000	0.041	0.194	0.082	-0.012	-0.008	0.089	-0.014	0.039	-0.118	0.066	0.066	0.317	0.051	-0.008	-0.053	0.032	0.114	0.001	0.021	-0.077	0.042	0.132	-0.143	-0.064	0.009	0.114	-0.020	-0.002	-0.013	0.264	1.000	-0.104	-0.119	0.079
96	-0.150	-0.052	-0.076	0.091	-0.039	0.087	-0.040	0.181	-0.056	-0.251	-0.073	0.242	-0.010	-0.028	0.079	-0.140	0.150	-0.062	0.247	-0.027	-0.215	0.145	-0.034	0.129	-0.079	0.187	-0.006	0.143	0.163	-0.224	0.195	-0.050	0.076	-0.107	-0.021	0.179	0.340	-0.124	0.015	0.194	0.187	0.192	-0.001	0.115	-0.150	-0.139	-0.198	-0.026	0.245	-0.111	-0.072	0.020	-0.125	0.072	-0.043	-0.253	-0.150	-0.020	-0.058	-0.224	-0.174	-0.006	0.141	0.019	-0.073	-0.009	-0.162	-0.070	0.193	-0.095	-0.162	-0.134	-0.130	0.249	-0.010	0.143	0.122	-0.092	0.020	-0.260	-0.026	-0.083	0.109	-0.280	-0.104	1.000	0.361	-0.051
98	-0.022	-0.189	-0.212	-0.019	-0.091	0.085	-0.056	0.179	0.014	-0.207	-0.079	0.087	0.118	-0.018	0.145	-0.127	-0.005	0.051	0.201	0.089	-0.191	-0.013	-0.062	0.170	-0.134	0.225	-0.088	0.054	0.186	-0.229	0.215	-0.094	0.129	-0.051	-0.017	0.228	0.299	-0.136	-0.070	0.136	0.216	0.287	0.103	0.070	-0.081	-0.142	-0.236	0.006	0.217	-0.068	-0.112	0.105	0.021	0.067	-0.144	-0.201	0.005	0.021	-0.079	-0.258	-0.068	0.072	0.037	-0.002	-0.044	-0.046	-0.107	-0.119	0.120	-0.079	-0.266	-0.113	-0.186	0.326	-0.004	0.173	0.028	-0.048	0.006	-0.154	-0.038	-0.099	0.080	-0.272	-0.119	0.361	1.000	0.063
99	0.090	-0.147	-0.136	-0.077	-0.082	0.042	-0.039	0.109	-0.006	0.018	-0.056	0.008	0.194	0.012	-0.021	0.015	0.020	0.021	-0.039	-0.003	-0.051	-0.005	-0.077	-0.039	0.026	0.079	-0.143	-0.045	0.220	-0.075	-0.052	-0.056	0.270	-0.002	0.097	0.116	-0.087	0.040	-0.047	0.293	0.071	0.011	-0.046	0.079	-0.073	0.036	-0.037	-0.065	0.125	-0.085	-0.061	-0.103	0.248	0.066	-0.061	-0.085	0.308	0.008	-0.073	0.005	-0.089	0.025	-0.167	0.274	0.211	-0.065	-0.025	-0.167	-0.080	0.093	-0.127	-0.080	-0.069	0.061	-0.078	0.102	-0.223	-0.040	0.057	-0.009	-0.059	-0.143	-0.083	-0.004	0.079	-0.051	0.063	1.000